7
8
10
11
12
14
19
27
31
33
34
36
39
42
50
51
53
63
76
79
82
89
92
99
102
104
112
121
128
131
146
148
154
155
158
166
168
173
186
188
190
191
197
202
214
221
226
227
228
233
234
244
245
249
252
261
267
272
273
278
280
281
283
285
294
295
296
302
312
315
316
325
326
328
331
332
336
341
343
347
351
352
353
356
362
370
373
376
384
385
387
391
392
398
406
410
412
416
422
425
426
437
444
446
448
454
466
470
474
486
501
508
513
516
522
524
528
531
537
545
547
550
555
559
569
579
582
583
586
587
589
595
596
597
602
606
607
612
614
623
644
646
647
648
649
652
655
665
668
671
677
682
690
717
722
726
742
744
748
764
766
767
768
770
773
774
776
777
781
785
787
789
792
794
796
800
801
807
808
811
816
822
832
847
854
865
867
869
875
891
892
903
905
911
912
916
917
919
921
929
931
933
937
943
946
948
958
960
965
968
969
971
979
980
987
1002
1003
1010
1012
1013
1018
1021
1022
1023
1030
1040
1041
1049
1052
1055
1057
1060
1061
1075
1082
1090
1102
1103
1106
1117
1123
1130
1133
1134
1135
1136
1138
1150
1152
1155
1157
1165
1166
1168
1174
1177
1180
1182
1185
1186
1192
1201
1212
1216
1232
1238
1243
1245
1247
1249
1253
1266
1268
1275
1277
1278
1284
1285
1288
1289
1290
1291
1293
1308
1311
1312
1317
1318
1325
1331
1333
1334
1336
1338
1342
1343
1346
1348
1349
1354
1357
1360
1364
1366
1369
1374
1379
1384
1386
1387
1394
1395
1398
1400
1408
1409
1413
1422
1430
1434
1438
1450
1452
1458
1459
1460
1461
1465
1466
1468
1472
1476
1477
1483
1484
1488
1494
1499
1502
1505
1509
1511
1512
1520
1524
1528
1529
1534
1539
1540
1552
1556
1559
1569
1572
1573
1580
1586
1593
1594
1601
1603
1613
1616
1617
1618
1628
1630
1636
1642
1644
1647
1651
1664
1674
1675
1678
1701
1755
1756
1757
1765
1773
1777
1782
1784
1786
1788
1794
1798
1804
1811
1863
1865
1867
1868
1869
1870
1884
1890
1892
1894
1895
1898
1903
1904
1905
1907
1916
1918
1919
1941
1990
2003
2019
2022
2026
2056
2064
2068
2099
2179
2193
2206
2211
2223
2248
2296
2300
2303
2314
2329
2368
2372
2377
2398
2433
2440
2441
2454
2526
2527
2568
2581
2584
2606
2625
2626
2630
2646
2737
2780
2781
2795
2797
2809
2812
2818
2821
2825
2832
2833
2841
2859
2860
2869
2873
2881
2882
2886
2892
2896
2905
2912
2923
2929
2936
2945
2967
2971
2980
2981
2991
2998
2999
3006
3008
3019
3021
3022
3029
3047
3051
3054
3056
3075
3077
3081
3089
3090
3096
3098
3104
3105
3111
3118
3132
3169
3184
3189
3190
3206
3208
3213
3225
3226
3234
3245
3254
3264
3268
3280
3281
3285
3286
3297
3302
3303
3311
3324
3340
3353
3354
3357
3358
3375
3378
3398
3400
3424
3426
3441
3452
3460
3461
3463
3472
3479
3480
3484
3485
3494
3499
3500
3503
3507
3519
3521
3528
3530
3532
3534
3535
3540
3558
3559
3563
3568
3569
3586
3599
3611
3628
3630
3632
3634
3636
3640
3644
3647
3648
3652
3658
3668
3680
3683
3684
3691
3694
3707
3709
3710
3715
3721
3728
3731
3739
3740
3758
3760
3761
3764
3765
3778
3781
3792
3803
3805
3806
3822
3826
3834
3840
3842
3845
3854
3855
3857
3859
3863
3868
3869
3870
3872
3874
3878
3883
3890
3899
3903
3907
3909
3922
3928
3929
3935
3939
3946
3950
3959
3963
3965
3967
3980
3985
3994
4005
4010
4013
4023
4056
4074
4076
4097
4114
4121
4124
4135
4147
4159
4170
4184
4201
4206
4219
4259
4278
4285
4298
4303
4305
4314
4334
4349
4377
4398
4411
4429
4444
4479
4481
4484
4493
4504
4512
4542
4546
4557
4564
4573
4574
4612
4622
4627
4648
4661
4679
4698
4718
4722
4726
4732
4744
4779
4787
4789
4794
4800
4806
4811
4815
4819
4822
4835
4840
4842
4843
4849
4850
4851
4853
4856
4865
4878
4894
4899
4900
4902
4913
4923
4924
4926
4928
4929
4930
4933
4941
4969
4970
4980
4986
5002
5012
5014
5017
5019
5022
5028
5051
5053
5057
5058
5084
5094
5101
5125
5138
5139
5144
5145
5166
5170
5174
5200
5208
5227
5246
5248
5296
5306
5317
5323
5327
5334
5341
5346
5347
5354
5359
5371
5376
5380
5388
5419
5439
5453
5471
5479
5495
5519
5531
5536
5554
5569
5590
5627
5636
5637
5643
5660
5781
5789
5793
5801
5834
5866
5869
5921
5935
5982
6005
6013
6057
6064
6082
6107
6160
6162
6181
6213
6214
6248
6256
6259
6260
6263
6265
6269
6272
6274
6278
6280
6283
6289
6299
6301
6313
6315
6319
6320
6329
6331
6336
6345
6351
6352
6356
6362
6367
6368
6379
6382
6395
6399
6401
6402
6407
6408
6409
6414
6420
6426
6431
6436
6439
6441
6444
6448
6450
6453
6461
6462
6463
6470
6471
6480
6482
6486
6500
6510
6516
6518
6544
6560
6562
6570
6576
6578
6598
6610
6611
6619
6622
6630
6636
6645
6651
6658
6659
6661
6676
6696
6713
6746
6747
6749
6770
6777
6779
6782
6789
6790
6802
6803
6804
6810
6812
6819
6822
6823
6842
6849
6852
6854
6861
6863
6871
6877
6892
6894
6904
6918
6948
6949
6959
6980
6993
7008
7011
7019
7030
7041
7086
7091
7105
7143
7156
7172
7180
7206
7207
7215
7235
7255
7259
7270
7296
7303
7304
7328
7337
7363
7373
7407
7428
7433
7471
7498
7502
7504
7517
7546
7579
7588
7600
7602
7603
7643
7645
7662
7699
7722
7723
7784
7820
7821
7822
7826
7853
7856
7878
7895
7896
7897
7901
7905
7916
7919
7925
7936
7955
7962
7973
7981
7982
8023
8032
8049
8067
8076
8088
8092
8112
8133
8143
8153
8172
8176
8177
8178
8192
8203
8206
8211
8214
8221
8223
8254
8264
8293
8294
8296
8297
8310
8324
8397
8409
8413
8451
8466
8486
8512
8583
8584
8600
8610
8629
8648
8670
8741
8749
8760
8820
8847
8872
8906
8912
8944
9004
9099
9113
9114
9119
9126
9128
9132
9133
9135
9139
9143
9149
9151
9152
9154
9166
9168
9169
9172
9174
9178
9196
9209
9213
9234
9235
9242
9258
9259
9263
9277
9285
9286
9291
9304
9306
9308
9311
9313
9320
9321
9326
9331
9345
9350
9353
9357
9364
9371
9381
9383
9384
9385
9392
9397
9399
9402
9403
9415
9416
9418
9433
9437
9446
9455
9456
9458
9468
9474
9489
9493
9505
9507
9510
9518
9523
9528
9531
9534
9535
9542
9544
9551
9556
9557
9559
9561
9562
9568
9576
9581
9582
9583
9586
9590
9593
9595
9596
9602
9604
9612
9617
9621
9622
9636
9664
9665
9684
9689
9771
9797
9798
9814
9815
9823
9854
9860
9866
9869
9889
9898
9918
9939
9958
9986
10027
10033
10034
10054
10055
10059
10074
10099
10108
10116
10139
10166
10169
10172
10178
10179
10186
10196
10203
10211
10228
10261
10267
10269
10280
10282
10289
10348
10399
10402
10413
10415
10420
10430
10432
10433
10434
10436
10454
10460
10463
10464
10477
10481
10484
10495
10496
10498
10503
10509
10513
10517
10532
10567
10576
10581
10587
10597
10607
10617
10625
10631
10643
10664
10673
10682
10711
10719
10734
10736
10737
10759
10763
10766
10805
10816
10819
10820
10827
10838
10841
10864
10868
10874
10927
10952
10955
10959
10960
10961
10985
11001
11005
11018
11019
11022
11034
11039
11047
11078
11080
11086
11094
11098
11105
11108
11126
11136
11148
11155
11159
11160
11174
11188
11201
11206
11224
11238
11239
11245
11251
11253
11257
11280
11284
11309
11317
11319
11324
11333
11344
11353
11360
11362
11364
11377
11381
11401
11407
11415
11416
11422
11429
11438
11441
11448
11502
11504
11507
11510
11518
11521
11525
11529
11531
11542
11551
11558
11573
11577
11582
11587
11610
11644
11650
11671
11672
11684
11734
11743
11756
11760
11762
11774
11778
11784
11811
11828
11832
11849
11855
11863
11865
11885
11894
11895
11897
11933
11970
11980
12061
12078
12120
12122
12123
12136
12167
12169
12178
12197
12198
12209
12216
12221
12317
12318
12341
12342
12358
12359
12362
12366
12371
12382
12383
12403
12414
12417
12423
12424
12425
12431
12442
12447
12453
12462
12472
12473
12476
12478
12484
12486
12490
12491
12496
12497
12498
12499
12510
12537
12567
12569
12570
12575
12581
12602
12610
12623
12624
12628
12632
12635
12644
12663
12709
12722
12729
12754
12803
12833
12839
12840
12887
12893
12914
12930
12947
12986
13015
13024
13084
13103
13238
13273
13278
13303
13311
13347
13362
13395
13405
13412
13417
13425
13434
13453
13459
13464
13470
13476
13480
13489
13493
13498
13506
13509
13531
13542
13558
13571
13577
13604
13635
13658
13661
13684
13700
13709
13714
13715
13725
13731
13735
13744
13761
13774
13777
13782
13786
13788
13789
13793
13817
13826
13837
13840
13861
13865
13868
13880
13883
13895
13896
13902
13903
13907
13920
13931
13949
13953
13959
13966
13978
13979
13994
13995
14003
14005
14045
14058
14059
14075
14082
14085
14100
14110
14111
14122
14124
14129
14136
14150
14152
14154
14168
14169
14177
14184
14201
14204
14207
14208
14218
14230
14248
14251
14257
14262
14270
14274
14277
14279
14287
14288
14295
14301
14303
14308
14314
14316
14317
14322
14327
14361
14378
14403
14404
14417
14419
14432
14445
14455
14456
14457
14469
14470
14472
14480
14523
14533
14559
14563
14565
14567
14568
14569
14570
14571
14587
14623
14629
14635
14654
14655
14662
14665
14673
14678
14685
14701
14705
14709
14711
14718
14721
14734
14746
14750
14774
14776
14789
14803
14804
14805
14807
14808
14810
14816
14818
14828
14842
14854
14866
14877
14895
14900
14907
14910
14911
14920
14923
14926
14927
14945
14955
14973
14981
14995
15000
15004
15005
15006
15009
15019
15043
15054
15057
15059
15070
15078
15080
15088
15109
15116
15117
15123
15138
15140
15142
15150
15151
15152
15154
15159
15161
15173
15185
15192
15202
15206
15217
15228
15231
15233
15236
15237
15247
15248
15250
15254
15264
15267
15285
15289
15311
15325
15351
15365
15367
15368
15393
15406
15407
15412
15416
15428
15430
15434
15454
15463
15467
15485
15489
15492
15493
15499
15500
15503
15510
15525
15529
15531
15538
15572
15590
15594
15623
15636
15639
15646
15679
15698
15701
15703
15712
15717
15744
15769
15785
15807
15812
15828
15837
15849
15856
15872
15878
15887
15911
15915
15928
15939
15943
15954
15976
15978
15990
15991
16026
16062
16095
16109
16131
16138
16157
16160
16170
16234
16239
16240
16281
16290
16295
16311
16321
16326
16331
16340
16348
16349
16358
16366
16368
16372
16392
16454
16470
16478
16480
16493
16498
16501
16513
16514
16539
16545
16548
16565
16575
16585
16586
16587
16626
16631
16633
16634
16635
16657
16672
16725
16727
16745
16775
16781
16795
16810
16816
16835
16840
16867
16871
16886
16889
16890
16909
16921
16922
16928
16929
16939
16942
16946
16956
16965
16973
16977
16985
17014
17017
17019
17028
17043
17079
17096
17102
17118
17125
17127
17176
17196
17198
17204
17218
17225
17226
17240
17266
17271
17279
17280
17285
17290
17301
17322
17327
17329
17330
17331
17340
17357
17359
17368
17369
17370
17375
17388
17392
17415
17426
17429
17434
17438
17445
17473
17474
17476
17477
17504
17521
17523
17544
17547
17553
17555
17578
17579
17580
17588
17591
17592
17601
17607
17623
17638
17668
17669
17671
17672
17696
17713
17715
17726
17732
17733
17742
17743
17745
17750
17772
17773
17779
17781
17793
17795
17831
17845
17850
17852
17871
17876
17880
17886
17894
17896
17905
17908
17932
17937
17940
17963
17991
17997
18002
18008
18049
18057
18059
18068
18077
18089
18093
18109
18111
18117
18143
18164
18172
18180
18181
18224
18230
18239
18251
18262
18263
18274
18294
18301
18321
18330
18332
18364
18389
18394
18411
18445
18472
18473
18477
18479
18500
18513
18538
18550
18559
18581
18586
18607
18666
18669
18685
18731
18747
18751
18752
18772
18783
18790
18822
18846
18853
18858
18862
18867
18869
18920
18928
18936
18944
18989
18998
19001
19011
19033
19048
19051
19053
19076
19084
19094
19095
19118
19132
19153
19168
19196
19198
19216
19217
19223
19224
19228
19249
19256
19259
19260
19302
19303
19312
19314
19315
19352
19356
19366
19379
19392
19416
19428
19439
19467
19481
19482
19509
19519
19528
19531
19540
19544
19561
19562
19601
19603
19609
19621
19636
19646
19649
19661
19671
19678
19686
19697
19781
19822
19836
19839
19926
19961
19980
20001
20061
20156
20231
20321
20325
20353
20399
20415
20423
20445
20451
20785
20831
20853
20865
20894
21069
21189
21244
21262
21276
21277
21286
21289
21343
21386
21426
21697
21709
21786
21805
21854
21940
21954
22031
22065
22071
22216
22228
22246
22264
22315
22348
22352
22523
22575
22762
22768
23196
23240
23250
23324
23349
23392
23398
23660
23675
23713
23719
23840
23986
24018
24025
24036
24128
24134
24190
24218
24219
24251
24322
24350
24365
24413
24461
24466
24576
24597
24638
24973
25166
25253
25262
25275
25388
25402
25405
25459
26251
30188
37349
38489
42647
42668
70548
70826
77749
78259
78318
85738
85991
86974
88571
91816
