Model	Replicate	log-likelihood	AIC	chi-squared	theta	optimized_params(nu1, nuA, nu2, nu3, mA, m1, m2, T1, T2)
split_symmig_adjacent	Round_1_Replicate_1	-2247.9	4513.8	552007.29	114.73	1.2379,0.6563,0.6637,3.6255,1.2341,1.0408,3.112,4.6425,4.0675
split_symmig_adjacent	Round_1_Replicate_2	-2987.13	5992.26	16243.23	294.06	0.1711,2.1579,0.3596,3.6682,3.5562,0.1279,1.2395,2.4306,0.3466
split_symmig_adjacent	Round_1_Replicate_3	-1550.29	3118.58	13286.97	122.71	1.6079,4.5876,1.9391,0.1499,4.1428,0.7649,1.2115,0.3536,4.7939
split_symmig_adjacent	Round_1_Replicate_4	-2366.18	4750.36	18847.61	109.57	6.3346,2.1242,0.4357,0.2262,2.2142,1.1443,0.5157,2.4545,2.7897
split_symmig_adjacent	Round_1_Replicate_5	-1125.94	2269.88	34884134.48	79.97	1.8281,0.4291,4.7263,0.938,0.6445,1.1999,0.3135,0.2339,3.0426
split_symmig_adjacent	Round_1_Replicate_6	-1155.32	2328.64	10289819.45	136.58	1.3049,0.8505,4.1921,0.4529,4.5933,4.8065,0.1314,0.878,0.5423
split_symmig_adjacent	Round_1_Replicate_7	-2186.89	4391.78	975854389.3	81.93	0.7979,3.3251,7.6925,6.8619,0.2444,0.3918,3.6559,3.0206,0.4086
split_symmig_adjacent	Round_1_Replicate_8	-2220.36	4458.72	148861.62	250.95	0.7969,0.1536,0.2999,0.7888,3.2357,3.0165,6.4323,0.8605,2.696
split_symmig_adjacent	Round_1_Replicate_9	-3765.53	7549.06	18647.59	135.08	2.4005,0.1764,0.221,0.2017,0.4303,0.1225,0.5813,2.4049,4.7393
split_symmig_adjacent	Round_1_Replicate_10	-1869.77	3757.54	3295.49	207.42	1.7478,0.2647,0.7708,0.2171,0.4255,0.3279,0.348,1.785,0.2112
split_symmig_adjacent	Round_2_Replicate_1	-1214.85	2447.7	221194356.09	86.64	2.219,0.1473,2.9938,1.1027,0.1703,1.5161,0.2134,0.265,3.1251
split_symmig_adjacent	Round_2_Replicate_2	-1190.59	2399.18	120727044.08	153.72	0.5554,1.0289,4.1214,0.3209,0.3675,2.9358,0.3338,0.0598,1.1113
split_symmig_adjacent	Round_2_Replicate_3	-1546.35	3110.7	116063.55	81.94	0.7376,0.2408,5.4427,0.3695,0.3087,0.9045,0.4526,0.2102,9.4308
split_symmig_adjacent	Round_2_Replicate_4	-1565.33	3148.66	10611779.95	89.51	4.7612,0.3393,1.5909,0.4021,1.2583,4.0563,0.9385,0.5084,5.1551
split_symmig_adjacent	Round_2_Replicate_5	-1421.82	2861.64	22256.71	73.6	0.9075,0.5458,5.8546,0.8422,0.583,0.4943,0.0899,0.3384,4.3288
split_symmig_adjacent	Round_2_Replicate_6	-1640.68	3299.36	18343931.54	45.83	7.5315,0.1979,2.8483,2.5694,0.5386,0.7889,0.8008,0.1668,7.9258
split_symmig_adjacent	Round_2_Replicate_7	-1562.52	3143.04	29455.89	74.71	0.478,1.4931,6.5066,1.7947,0.8805,0.9377,0.302,0.3651,4.9628
split_symmig_adjacent	Round_2_Replicate_8	-1215.66	2449.32	8506545.26	41.8	4.1363,0.9,10.1339,0.4545,1.7924,0.4179,0.2002,0.843,6.8242
split_symmig_adjacent	Round_2_Replicate_9	-1041.99	2101.98	33220277.79	52.99	7.3966,0.1329,10.4787,1.9556,2.3526,0.8882,0.627,0.1037,2.0829
split_symmig_adjacent	Round_2_Replicate_10	-1325.61	2669.22	43644.16	185.33	0.9772,0.6188,1.4993,0.4011,0.8161,3.9507,0.1334,0.1904,0.8497
split_symmig_adjacent	Round_2_Replicate_11	-1450.2	2918.4	292494984.6	99.34	1.0231,0.55,3.7037,0.3206,2.3963,2.197,0.3127,0.0656,4.8729
split_symmig_adjacent	Round_2_Replicate_12	-1150.35	2318.7	168886.77	52.96	7.0377,1.7264,14.4217,0.9334,0.2317,2.1064,0.7702,0.0548,2.1418
split_symmig_adjacent	Round_2_Replicate_13	-1147.88	2313.76	12658904.84	29.35	4.8455,0.2196,17.5394,2.1854,1.3487,1.075,0.0954,0.4907,8.9284
split_symmig_adjacent	Round_2_Replicate_14	-947.13	1912.26	1199510752.89	100.17	4.2438,0.1503,3.4306,1.0819,0.4422,1.2031,0.2883,0.0807,1.1164
split_symmig_adjacent	Round_2_Replicate_15	-1252.65	2523.3	2291876.53	72.41	1.0111,0.1318,13.3134,0.9105,1.8406,3.1682,0.322,0.5564,4.9024
split_symmig_adjacent	Round_2_Replicate_16	-882.95	1783.9	507914.15	85.83	2.046,0.9609,9.8859,0.8336,2.0294,0.3996,0.1355,0.105,1.0373
split_symmig_adjacent	Round_2_Replicate_17	-1670.61	3359.22	508319.58	97.52	0.6458,0.2059,2.6705,1.3755,0.2571,1.8486,0.6224,0.6951,6.963
split_symmig_adjacent	Round_2_Replicate_18	-1181.55	2381.1	35688936.62	76.43	3.9437,0.2262,4.6604,3.1933,0.1666,1.3156,0.6902,0.1382,1.5373
split_symmig_adjacent	Round_2_Replicate_19	-1714.39	3446.78	410376.24	117.93	1.9277,1.6069,1.4732,0.2741,0.4618,4.4192,0.1706,0.2063,3.4417
split_symmig_adjacent	Round_2_Replicate_20	-1504.21	3026.42	5337.82	58.55	0.9568,1.4106,6.8094,3.0002,0.4171,0.361,0.2783,0.2146,4.5902
split_symmig_adjacent	Round_3_Replicate_1	-1024.71	2067.42	3326770.66	117.64	1.628,1.0497,14.6722,1.3445,2.7004,1.5966,0.0621,0.0598,0.4509
split_symmig_adjacent	Round_3_Replicate_2	-999.35	2016.7	5582437.9	54.21	2.1959,0.3833,16.7861,2.364,1.7697,1.3606,0.1485,0.3502,2.4858
split_symmig_adjacent	Round_3_Replicate_3	-1062.24	2142.48	2601382.83	61.3	1.8056,1.0681,14.1625,0.7366,0.5366,0.4806,0.0672,0.0576,2.106
split_symmig_adjacent	Round_3_Replicate_4	-945.9	1909.8	21208.79	92.48	4.9275,0.7544,4.6871,0.9034,3.2772,0.154,0.048,0.1064,1.0036
split_symmig_adjacent	Round_3_Replicate_5	-1005.61	2029.22	5143694.68	122.24	5.3157,3.5772,5.6609,1.7373,2.9085,1.0729,0.0415,0.0367,0.4176
split_symmig_adjacent	Round_3_Replicate_6	-1120.43	2258.86	10413082.93	88.79	0.7608,0.5887,16.4569,1.235,1.9808,1.1366,0.0609,0.0734,1.0653
split_symmig_adjacent	Round_3_Replicate_7	-1466.42	2950.84	3722.46	79.38	0.9846,0.5763,7.2982,0.3146,6.2924,0.2009,0.381,0.0366,3.1711
split_symmig_adjacent	Round_3_Replicate_8	-1038.69	2095.38	215929.44	74.99	2.9588,0.9346,16.4651,1.8369,0.6313,0.1986,0.4791,0.036,0.9509
split_symmig_adjacent	Round_3_Replicate_9	-954.2	1926.4	107252.66	134.58	1.5791,0.8293,8.0287,1.0774,1.3432,0.4614,0.0351,0.1915,0.3656
split_symmig_adjacent	Round_3_Replicate_10	-1650.23	3318.46	34892.06	60.62	0.6011,0.519,16.2114,0.2627,5.6655,0.4657,0.1806,0.3177,3.8287
split_symmig_adjacent	Round_3_Replicate_11	-993.01	2004.02	22984211.42	133.91	1.6486,0.422,21.1583,0.442,2.9173,0.575,0.0924,0.0305,0.3482
split_symmig_adjacent	Round_3_Replicate_12	-1045.39	2108.78	90133.02	107.32	1.1237,1.9858,7.3089,2.0348,3.3707,0.5729,0.0356,0.0676,0.7441
split_symmig_adjacent	Round_3_Replicate_13	-1567.03	3152.06	9724.07	45.71	0.6118,0.5535,19.6893,2.0171,8.3757,0.3167,0.0806,0.3229,3.9879
split_symmig_adjacent	Round_3_Replicate_14	-1299.27	2616.54	2086.37	92.02	1.5461,0.2963,3.5476,0.7618,1.0141,0.2435,0.1593,0.3335,2.7404
split_symmig_adjacent	Round_3_Replicate_15	-992.24	2002.48	221307.47	69.26	1.5714,0.2949,18.7388,1.7037,1.2628,1.0307,0.0689,0.2719,1.3955
split_symmig_adjacent	Round_3_Replicate_16	-1154.29	2326.58	282998.3	169.84	0.8215,0.3307,17.9705,0.2251,4.9432,0.5286,0.0319,0.1479,0.2605
split_symmig_adjacent	Round_3_Replicate_17	-1005.69	2029.38	113076704.37	67.72	5.1092,0.6267,18.7388,1.3806,1.3746,1.5453,0.2563,0.3971,0.9217
split_symmig_adjacent	Round_3_Replicate_18	-825.27	1668.54	1813293.92	60.98	8.5369,0.7032,13.5306,0.8768,0.7387,0.1564,0.0622,0.1941,1.1989
split_symmig_adjacent	Round_3_Replicate_19	-912.33	1842.66	15508997.06	110.65	4.9251,0.8783,3.365,0.957,6.4312,0.6517,0.1064,0.1458,0.7175
split_symmig_adjacent	Round_3_Replicate_20	-1008.01	2034.02	18296.59	57.4	3.2607,0.7749,9.2928,0.7299,0.9195,0.1875,0.1677,0.1787,2.7768
split_symmig_adjacent	Round_3_Replicate_21	-998.32	2014.64	146478.74	107.05	1.0615,1.8173,7.2276,0.6913,1.7322,0.653,0.2685,0.1006,0.9311
split_symmig_adjacent	Round_3_Replicate_22	-987.88	1993.76	17220779.24	62.47	5.7323,3.5925,6.267,1.3223,2.1531,1.5396,0.1202,0.0456,2.0905
split_symmig_adjacent	Round_3_Replicate_23	-1017.95	2053.9	3781702.03	47.85	1.9418,1.0158,16.9955,2.2211,2.8717,0.5109,0.0643,0.0511,2.9918
split_symmig_adjacent	Round_3_Replicate_24	-1204.86	2427.72	1125520.45	70.8	7.543,2.5888,2.7301,1.18,0.8381,0.4531,0.0842,0.0412,2.4548
split_symmig_adjacent	Round_3_Replicate_25	-1684.65	3387.3	5524.33	63.44	0.6337,1.2468,9.0206,0.8299,0.5013,0.1988,0.1032,0.0545,3.9194
split_symmig_adjacent	Round_3_Replicate_26	-847.96	1713.92	401628.52	69.75	4.4817,0.4959,10.4163,0.9602,0.6226,0.7717,0.0676,0.0863,1.3047
split_symmig_adjacent	Round_3_Replicate_27	-1272.8	2563.6	109312.06	83.26	0.5867,3.5316,11.5654,1.9664,0.9423,0.7191,0.0643,0.196,1.2537
split_symmig_adjacent	Round_3_Replicate_28	-1166.84	2351.68	15107.87	102.67	1.3501,1.7099,4.0507,0.7344,0.8894,0.4214,0.0735,0.2756,1.5279
split_symmig_adjacent	Round_3_Replicate_29	-985.7	1989.4	95412654.86	96.85	1.9411,1.027,8.5168,2.3314,5.3816,1.0053,0.0264,0.3964,0.6533
split_symmig_adjacent	Round_3_Replicate_30	-853.75	1725.5	150362.8	98.55	2.7528,0.2594,10.4823,0.889,4.7152,0.2586,0.0958,0.1919,0.6868
split_symmig_adjacent	Round_4_Replicate_1	-837.3	1692.6	523268.83	82.81	8.1603,0.5881,9.271,1.3901,0.9193,0.1951,0.0471,0.1558,0.7298
split_symmig_adjacent	Round_4_Replicate_2	-848.89	1715.78	669835.86	53.4	6.6957,0.6661,9.7029,1.3364,0.4827,0.1962,0.064,0.1728,2.0831
split_symmig_adjacent	Round_4_Replicate_3	-930.02	1878.04	4145369.42	54.57	7.9831,0.5682,12.6472,0.4948,1.3479,0.1508,0.0928,0.0969,1.7639
split_symmig_adjacent	Round_4_Replicate_4	-854.63	1727.26	34628507.4	48.44	8.5267,0.9889,13.7135,0.7516,1.0319,0.2088,0.1006,0.1001,2.0712
split_symmig_adjacent	Round_4_Replicate_5	-791.0	1600.0	4766580.61	63.55	7.8531,1.1775,11.9404,1.3048,0.5487,0.1833,0.0596,0.1248,1.164
split_symmig_adjacent	Round_4_Replicate_6	-945.64	1909.28	28810592.82	50.01	14.3698,0.5425,16.5007,0.599,0.7243,0.1549,0.0438,0.1773,1.4968
split_symmig_adjacent	Round_4_Replicate_7	-824.11	1666.22	632520.15	65.58	10.5159,0.5348,10.3926,1.72,0.6853,0.1949,0.0781,0.2055,1.0412
split_symmig_adjacent	Round_4_Replicate_8	-891.67	1801.34	1783606.98	76.68	6.0942,0.7786,12.1884,0.5019,0.7789,0.2119,0.0341,0.3355,0.8043
split_symmig_adjacent	Round_4_Replicate_9	-840.93	1699.86	2128449.35	80.2	6.9679,1.2229,11.3664,1.6736,0.7937,0.1486,0.0683,0.1188,0.7279
split_symmig_adjacent	Round_4_Replicate_10	-796.27	1610.54	1902833.22	59.7	9.4287,0.7037,12.3125,1.1328,0.5008,0.1947,0.0954,0.262,1.223
split_symmig_adjacent	Round_4_Replicate_11	-805.32	1628.64	14129374.88	56.09	6.4046,0.8335,12.6881,1.1569,0.5377,0.2608,0.0688,0.1711,1.5978
split_symmig_adjacent	Round_4_Replicate_12	-881.88	1781.76	37990.89	86.65	5.6657,0.3656,11.4066,1.4951,0.9221,0.1449,0.0498,0.1327,0.6903
split_symmig_adjacent	Round_4_Replicate_13	-920.37	1858.74	2032983.24	66.67	5.0893,1.34,9.2177,0.4874,0.4749,0.2147,0.1061,0.0905,1.5638
split_symmig_adjacent	Round_4_Replicate_14	-896.04	1810.08	99451.61	56.97	9.2328,0.3303,15.3969,0.6593,1.0699,0.1082,0.1102,0.3228,1.3123
split_symmig_adjacent	Round_4_Replicate_15	-846.81	1711.62	101287.29	64.41	8.6207,0.3584,10.0909,1.2374,0.4504,0.1698,0.048,0.2293,1.2054
split_symmig_adjacent	Round_4_Replicate_16	-876.96	1771.92	321120.37	81.3	12.5791,0.4185,10.2723,1.4268,0.3655,0.156,0.0825,0.1107,0.6995
split_symmig_adjacent	Round_4_Replicate_17	-862.09	1742.18	13226804.26	79.09	6.8642,0.7734,11.715,0.5072,0.5296,0.2824,0.0556,0.2386,0.7715
split_symmig_adjacent	Round_4_Replicate_18	-796.77	1611.54	39623069.66	62.44	10.9329,1.207,12.9257,1.3617,0.8559,0.2375,0.0804,0.2662,0.9907
split_symmig_adjacent	Round_4_Replicate_19	-824.51	1667.02	360049.31	81.53	5.3576,0.806,10.3798,0.7562,0.6669,0.1254,0.0814,0.096,0.8586
split_symmig_adjacent	Round_4_Replicate_20	-789.32	1596.64	4545412.38	74.55	6.0548,0.4298,10.1147,0.909,0.4381,0.2975,0.1692,0.1148,1.0353
split_symmig_adjacent	Round_4_Replicate_21	-892.81	1803.62	3141771902.1	49.65	15.0768,1.2327,15.4408,0.5986,0.6275,0.2387,0.1078,0.1047,1.5777
split_symmig_adjacent	Round_4_Replicate_22	-847.28	1712.56	472587.55	70.19	9.6486,0.7577,13.5153,1.5966,0.6188,0.1516,0.0353,0.231,0.8097
split_symmig_adjacent	Round_4_Replicate_23	-828.71	1675.42	210832.57	49.57	6.2649,0.3927,13.1817,1.5652,0.4099,0.176,0.0902,0.2902,2.0455
split_symmig_adjacent	Round_4_Replicate_24	-799.01	1616.02	5440699.02	57.82	8.4657,0.5919,13.4608,1.1185,0.4981,0.2403,0.0881,0.3022,1.2915
split_symmig_adjacent	Round_4_Replicate_25	-786.25	1590.5	5680785.55	58.05	7.8038,0.4988,11.8617,1.3706,0.5652,0.2392,0.0962,0.1419,1.454
split_symmig_adjacent	Round_4_Replicate_26	-790.79	1599.58	2704813.04	66.25	6.6683,1.0122,13.0611,0.9502,1.2011,0.1952,0.1064,0.3154,1.0141
split_symmig_adjacent	Round_4_Replicate_27	-793.95	1605.9	4366034.32	58.43	9.7796,0.6402,12.6662,1.5958,0.3914,0.2175,0.0989,0.1923,1.2495
split_symmig_adjacent	Round_4_Replicate_28	-788.73	1595.46	16467516.91	61.51	8.6399,1.3965,12.9449,1.0674,1.1725,0.1799,0.0825,0.133,1.1843
split_symmig_adjacent	Round_4_Replicate_29	-822.34	1662.68	1190676.88	54.61	11.0987,0.8993,16.7951,1.061,1.2149,0.0932,0.0923,0.2637,1.2296
split_symmig_adjacent	Round_4_Replicate_30	-853.83	1725.66	883373.67	48.59	6.9817,0.3794,16.6489,1.0382,0.8674,0.1682,0.0672,0.3271,1.8525
split_symmig_adjacent	Round_4_Replicate_31	-872.56	1763.12	2425174.2	50.25	5.3655,0.7367,13.4792,0.8275,0.6102,0.2328,0.1092,0.3165,2.1859
split_symmig_adjacent	Round_4_Replicate_32	-845.3	1708.6	29724803.63	71.72	5.7905,0.9371,13.0721,0.6398,0.3697,0.2545,0.0543,0.0982,1.0034
split_symmig_adjacent	Round_4_Replicate_33	-837.1	1692.2	6096368.71	39.03	14.0036,0.4336,18.1861,1.0625,0.6065,0.1499,0.1272,0.2211,2.342
split_symmig_adjacent	Round_4_Replicate_34	-796.75	1611.5	38587716.55	61.36	8.0669,1.0819,12.8641,1.4032,1.0184,0.2824,0.0406,0.314,1.0973
split_symmig_adjacent	Round_4_Replicate_35	-919.0	1856.0	127911.73	59.68	5.8195,0.4003,10.3628,0.6613,1.1686,0.1238,0.0954,0.0876,1.794
split_symmig_adjacent	Round_4_Replicate_36	-819.28	1656.56	112345.51	62.7	7.1921,1.0358,10.614,1.1659,1.2207,0.1113,0.1229,0.3439,1.2244
split_symmig_adjacent	Round_4_Replicate_37	-899.83	1817.66	348984.63	68.45	14.8245,0.4231,13.8034,0.6907,0.3529,0.1822,0.0884,0.3051,0.8118
split_symmig_adjacent	Round_4_Replicate_38	-878.24	1774.48	85865464.27	42.51	12.8728,1.3576,13.0843,0.8018,0.528,0.1943,0.095,0.1572,2.4128
split_symmig_adjacent	Round_4_Replicate_39	-795.25	1608.5	4103788.78	60.0	8.8197,0.7805,13.9908,1.2152,0.5928,0.1718,0.072,0.1498,1.1979
split_symmig_adjacent	Round_4_Replicate_40	-820.54	1659.08	338421.51	81.46	7.8092,0.9602,10.6689,0.9763,0.67,0.1548,0.0639,0.2803,0.6657
