Model	Replicate	log-likelihood	AIC	chi-squared	theta	optimized_params(nu1, nu2, nu3, m1, m3, T1, T2, f)
admix_origin_sym_mig_adj	Round_1_Replicate_1	-2641.1	5298.2	17553.09	185.22	0.3219,0.7872,0.9018,1.911,0.1561,2.4159,0.9994,0.2105
admix_origin_sym_mig_adj	Round_1_Replicate_2	-4093.31	8202.619999999999	18552.21	116.51	0.3008,6.9479,0.3008,0.1538,0.49,3.5207,0.9292,0.9888
admix_origin_sym_mig_adj	Round_1_Replicate_3	-3692.8	7401.6	14642.65	208.46	0.1349,3.1216,0.2089,1.181,0.6866,2.1527,0.3979,0.8107
admix_origin_sym_mig_adj	Round_1_Replicate_4	-2498.12	5012.24	74918.05	144.67	3.1236,6.0315,0.2094,1.738,7.8712,1.4421,0.7461,0.9888
admix_origin_sym_mig_adj	Round_1_Replicate_5	-2276.22	4568.44	103656597.47	199.6	6.8425,2.1144,0.1784,1.6205,6.8621,0.1715,1.1093,0.2795
admix_origin_sym_mig_adj	Round_1_Replicate_6	-1402.58	2821.16	12365856.29	141.88	4.4894,1.4743,1.3214,1.2598,5.8237,0.2323,0.5075,0.0598
admix_origin_sym_mig_adj	Round_1_Replicate_7	-2209.61	4435.22	676602.65	147.29	5.924,0.9931,0.3611,4.2842,7.0657,0.2895,5.357,0.7178
admix_origin_sym_mig_adj	Round_1_Replicate_8	-1361.95	2739.9	1177647.06	296.85	0.5968,0.1726,1.2526,4.2899,3.4386,0.1349,0.2862,0.0852
admix_origin_sym_mig_adj	Round_1_Replicate_9	-3811.87	7639.74	21727.96	67.97	8.1438,0.4727,0.2933,2.2852,0.1496,6.6617,0.5965,0.1011
admix_origin_sym_mig_adj	Round_1_Replicate_10	-1620.28	3256.56	189549.32	149.88	1.9109,0.1412,1.3547,3.1315,6.12,4.368,4.6772,0.5554
admix_origin_sym_mig_adj	Round_2_Replicate_1	-1738.88	3493.76	235338.25	221.46	1.7757,0.4251,0.7531,6.1483,13.0981,0.2676,0.4486,0.1491
admix_origin_sym_mig_adj	Round_2_Replicate_2	-1543.95	3103.9	9221932.96	296.25	1.2804,0.3834,0.5578,2.5624,4.8544,0.1393,0.1271,0.0253
admix_origin_sym_mig_adj	Round_2_Replicate_3	-1419.15	2854.3	850726.26	315.6	0.2511,0.1192,2.1259,3.1992,9.524,0.4414,0.6482,0.3234
admix_origin_sym_mig_adj	Round_2_Replicate_4	-1059.65	2135.3	15291951.83	155.42	1.7956,0.1787,3.977,1.7169,1.4492,0.2842,0.5465,0.2448
admix_origin_sym_mig_adj	Round_2_Replicate_5	-1372.58	2761.16	89640.13	347.69	0.4957,0.0592,2.262,2.3579,2.1726,0.0346,0.0987,0.062
admix_origin_sym_mig_adj	Round_2_Replicate_6	-1953.26	3922.52	3348.09	448.61	0.4033,0.0421,0.3606,2.5276,1.2383,0.0355,0.3438,0.2952
admix_origin_sym_mig_adj	Round_2_Replicate_7	-1493.94	3003.88	11245953.22	389.96	0.2251,0.0459,3.0642,8.3801,6.4896,0.3873,0.344,0.3029
admix_origin_sym_mig_adj	Round_2_Replicate_8	-1627.47	3270.94	186263647.12	200.44	1.4949,0.3103,4.8358,14.9855,3.5424,0.2736,0.3397,0.1091
admix_origin_sym_mig_adj	Round_2_Replicate_9	-1729.52	3475.04	19845880.14	380.32	0.731,0.0635,0.3581,2.3126,6.5901,0.0352,0.4987,0.1876
admix_origin_sym_mig_adj	Round_2_Replicate_10	-1899.86	3815.72	91272.46	481.84	0.1916,0.0986,1.5735,10.5743,1.2006,0.2625,0.1101,0.1098
admix_origin_sym_mig_adj	Round_2_Replicate_11	-1693.32	3402.64	60033.5	342.92	0.3099,0.3393,1.1084,4.4085,1.0493,0.0423,0.0885,0.2877
admix_origin_sym_mig_adj	Round_2_Replicate_12	-1820.9	3657.8	6275.42	311.15	1.9342,0.0745,0.4139,1.3533,1.5188,0.1315,0.1676,0.0418
admix_origin_sym_mig_adj	Round_2_Replicate_13	-1290.5	2597.0	112236.9	273.21	0.8853,0.23,1.2044,1.1113,2.5831,0.4945,0.182,0.029
admix_origin_sym_mig_adj	Round_2_Replicate_14	-1702.38	3420.76	2659.86	387.12	0.5655,0.113,0.5243,1.4766,1.6068,0.4801,0.1421,0.2229
admix_origin_sym_mig_adj	Round_2_Replicate_15	-1541.28	3098.56	10963516.62	248.18	2.3661,0.0719,0.729,3.3116,4.0474,0.517,0.1551,0.0258
admix_origin_sym_mig_adj	Round_2_Replicate_16	-1747.86	3511.72	66053691.24	265.0	0.4666,0.4759,1.4057,7.1312,8.396,0.4408,0.2915,0.0613
admix_origin_sym_mig_adj	Round_2_Replicate_17	-1462.1	2940.2	90703380.4	404.67	0.2135,0.0932,1.0396,2.5163,9.2309,0.1023,0.3591,0.0391
admix_origin_sym_mig_adj	Round_2_Replicate_18	-1441.21	2898.42	1980059.21	336.22	0.2701,0.109,1.7464,4.1454,9.6568,0.0583,0.4249,0.0654
admix_origin_sym_mig_adj	Round_2_Replicate_19	-1762.6	3541.2	22604.75	441.37	0.1849,0.1576,0.7451,6.848,3.688,0.486,0.2634,0.0493
admix_origin_sym_mig_adj	Round_2_Replicate_20	-1549.79	3115.58	4180224.96	425.83	0.2844,0.0674,0.6292,1.6537,6.0481,0.0812,0.4055,0.032
admix_origin_sym_mig_adj	Round_3_Replicate_1	-1044.09	2104.18	5530951285.65	72.46	3.2829,0.3358,11.1435,0.6509,1.1028,0.9986,1.3322,0.4556
admix_origin_sym_mig_adj	Round_3_Replicate_2	-1022.11	2060.2200000000003	96996.74	146.27	1.2196,0.5032,7.5383,0.5373,3.0042,0.3557,0.375,0.315
admix_origin_sym_mig_adj	Round_3_Replicate_3	-1221.31	2458.62	2106371.68	239.49	0.8914,0.1556,4.6439,2.8054,2.0387,0.2048,0.1731,0.2357
admix_origin_sym_mig_adj	Round_3_Replicate_4	-1148.72	2313.44	62860344.9	129.6	4.1829,0.0782,4.5924,2.2756,1.1432,0.1175,0.748,0.5858
admix_origin_sym_mig_adj	Round_3_Replicate_5	-1290.91	2597.82	8503.41	160.57	0.7326,0.1329,6.5021,2.6027,0.6189,0.3656,0.8732,0.5419
admix_origin_sym_mig_adj	Round_3_Replicate_6	-986.55	1989.1	14838754.55	151.26	2.0201,0.2273,3.1476,0.6701,1.2052,0.1575,0.6036,0.1641
admix_origin_sym_mig_adj	Round_3_Replicate_7	-946.09	1908.18	145422142.5	175.86	1.7513,0.2277,5.9101,0.7069,0.6397,0.0923,0.2373,0.8776
admix_origin_sym_mig_adj	Round_3_Replicate_8	-1217.18	2450.36	4298.9	199.64	1.2085,0.0784,4.6113,2.3838,0.4346,0.1817,0.3508,0.2159
admix_origin_sym_mig_adj	Round_3_Replicate_9	-1274.58	2565.16	25721.27	163.85	1.7552,0.1514,1.7797,0.4397,0.674,0.3341,0.8767,0.2204
admix_origin_sym_mig_adj	Round_3_Replicate_10	-1326.27	2668.54	684146966.77	113.32	5.9053,0.0741,4.7616,4.4837,1.8811,0.0988,2.0171,0.7078
admix_origin_sym_mig_adj	Round_3_Replicate_11	-1392.21	2800.42	7069.7	188.81	0.6976,0.0642,6.7032,4.369,0.7093,0.1627,1.485,0.296
admix_origin_sym_mig_adj	Round_3_Replicate_12	-1544.74	3105.48	3399.34	179.95	0.7704,0.5161,1.3039,1.5715,0.6384,0.2714,1.4429,0.4628
admix_origin_sym_mig_adj	Round_3_Replicate_13	-1174.78	2365.56	130630.61	165.2	1.0023,0.0994,5.3285,2.5226,1.0716,0.195,0.8873,0.1926
admix_origin_sym_mig_adj	Round_3_Replicate_14	-1017.26	2050.52	7805890.92	115.45	2.5311,0.2154,7.2432,1.514,0.7385,0.2494,0.7146,0.9612
admix_origin_sym_mig_adj	Round_3_Replicate_15	-1475.39	2966.78	24413298950.87	169.02	2.8625,0.1254,1.044,2.3727,4.8373,0.7726,1.2097,0.1186
admix_origin_sym_mig_adj	Round_3_Replicate_16	-1302.59	2621.18	51020095.07	156.5	0.9921,0.0914,6.1121,3.4078,2.3276,0.629,2.1153,0.108
admix_origin_sym_mig_adj	Round_3_Replicate_17	-1436.43	2888.86	222803479.74	232.31	0.606,0.3103,6.7018,4.5152,3.3348,0.151,0.1891,0.4863
admix_origin_sym_mig_adj	Round_3_Replicate_18	-1313.83	2643.66	1697214.96	157.31	0.9667,0.0773,13.7958,4.081,1.5272,0.1604,1.7043,0.1227
admix_origin_sym_mig_adj	Round_3_Replicate_19	-1368.33	2752.66	4930.22	172.02	0.972,0.1093,6.9204,1.3681,0.5413,1.0284,0.3562,0.1176
admix_origin_sym_mig_adj	Round_3_Replicate_20	-1386.99	2789.98	59557.3	110.32	4.8647,0.1279,2.3022,2.1768,0.6398,0.3852,1.7187,0.5026
admix_origin_sym_mig_adj	Round_3_Replicate_21	-1356.54	2729.08	5544.8	199.13	0.6571,0.173,2.9924,2.3005,0.5289,0.6457,0.6089,0.1642
admix_origin_sym_mig_adj	Round_3_Replicate_22	-1423.97	2863.94	5492.4	164.53	1.6006,0.1603,1.4536,1.8072,0.7475,0.1559,1.7689,0.3344
admix_origin_sym_mig_adj	Round_3_Replicate_23	-1007.57	2031.14	9676799.48	115.24	1.3632,0.3087,9.8733,0.6853,1.0055,0.1067,0.7677,0.059
admix_origin_sym_mig_adj	Round_3_Replicate_24	-1188.48	2392.96	1021106.24	163.74	1.0929,0.0803,4.9226,0.9895,1.0011,0.4503,0.5142,0.4188
admix_origin_sym_mig_adj	Round_3_Replicate_25	-1267.28	2550.56	4251.82	222.19	0.6329,0.1778,3.6827,1.8132,0.6453,0.4496,0.3136,0.1527
admix_origin_sym_mig_adj	Round_3_Replicate_26	-1420.81	2857.62	220290.15	169.48	1.5576,0.2602,1.2442,2.184,1.5829,0.2993,1.4527,0.9421
admix_origin_sym_mig_adj	Round_3_Replicate_27	-1179.2	2374.4	39197.16	113.46	3.5507,0.5443,9.4413,0.7753,0.6195,1.0669,0.2706,0.0885
admix_origin_sym_mig_adj	Round_3_Replicate_28	-1246.96	2509.92	17514125.17	230.91	0.7263,0.1309,3.5931,3.0354,2.9918,0.5927,0.3121,0.0823
admix_origin_sym_mig_adj	Round_3_Replicate_29	-1291.28	2598.56	111824996.14	171.28	1.4798,0.0752,4.068,1.9128,4.8252,0.7433,0.4346,0.2275
admix_origin_sym_mig_adj	Round_3_Replicate_30	-960.94	1937.88	15594366213.69	172.68	4.403,0.2074,3.5689,0.4577,0.5082,0.1092,0.2068,0.9434
admix_origin_sym_mig_adj	Round_4_Replicate_1	-970.49	1956.98	4373777.55	161.4	1.0136,0.3779,8.2087,0.381,0.8459,0.0757,0.3128,0.8073
admix_origin_sym_mig_adj	Round_4_Replicate_2	-888.38	1792.76	215211801.66	123.64	2.8966,0.3019,9.1443,0.4339,0.546,0.0933,0.4376,0.6831
admix_origin_sym_mig_adj	Round_4_Replicate_3	-1025.27	2066.54	138455492.51	165.68	3.0904,0.3344,6.6557,1.376,1.1383,0.1355,0.1893,0.988
admix_origin_sym_mig_adj	Round_4_Replicate_4	-936.45	1888.9	1000289.98	163.85	1.7557,0.2814,7.8592,0.5187,1.2835,0.1388,0.2409,0.9889
admix_origin_sym_mig_adj	Round_4_Replicate_5	-989.22	1994.44	62719828.96	155.67	3.5123,0.1525,6.3211,1.3255,0.4073,0.0601,0.3176,0.6706
admix_origin_sym_mig_adj	Round_4_Replicate_6	-976.77	1969.54	30295566.28	146.14	1.9346,0.3398,4.5631,1.24,1.0967,0.1301,0.4698,0.893
admix_origin_sym_mig_adj	Round_4_Replicate_7	-927.09	1870.18	21632940.39	175.68	1.4122,0.2485,5.1916,0.5132,0.7857,0.0507,0.2877,0.9887
admix_origin_sym_mig_adj	Round_4_Replicate_8	-955.16	1926.32	228164719.72	146.21	2.6968,0.2314,7.5731,1.0363,0.5125,0.1379,0.3052,0.858
admix_origin_sym_mig_adj	Round_4_Replicate_9	-1069.33	2154.66	65680663.32	193.21	2.435,0.1739,8.3374,1.3933,0.7435,0.088,0.1422,0.9888
admix_origin_sym_mig_adj	Round_4_Replicate_10	-906.38	1828.76	1796865994.49	144.12	2.947,0.3663,5.0817,0.773,1.0566,0.0571,0.3916,0.9899
admix_origin_sym_mig_adj	Round_4_Replicate_11	-920.63	1857.26	34698733.14	175.4	1.5611,0.3714,3.9348,0.5374,1.1617,0.044,0.3255,0.4828
admix_origin_sym_mig_adj	Round_4_Replicate_12	-966.82	1949.64	184470396.97	179.03	1.2147,0.2943,8.0224,0.4716,1.0015,0.132,0.219,0.9877
admix_origin_sym_mig_adj	Round_4_Replicate_13	-967.84	1951.68	47434172.32	158.49	2.1009,0.2854,6.5713,1.227,0.6498,0.0891,0.2951,0.7408
admix_origin_sym_mig_adj	Round_4_Replicate_14	-971.89	1959.78	57262647.61	193.35	1.4736,0.2585,5.0619,1.0038,0.6809,0.0606,0.2098,0.9888
admix_origin_sym_mig_adj	Round_4_Replicate_15	-910.73	1837.46	236225138.22	186.24	2.4374,0.3051,3.4927,0.3794,0.5874,0.0583,0.2252,0.9886
admix_origin_sym_mig_adj	Round_4_Replicate_16	-948.28	1912.56	12613830.05	157.46	1.5935,0.3021,6.6812,0.8329,0.8326,0.0722,0.3475,0.5163
admix_origin_sym_mig_adj	Round_4_Replicate_17	-970.64	1957.28	254304.22	200.99	0.9822,0.3231,3.395,0.4062,0.5689,0.0741,0.2596,0.9887
admix_origin_sym_mig_adj	Round_4_Replicate_18	-959.33	1934.66	1975306993.73	151.6	3.5268,0.3075,7.3676,0.8968,0.723,0.0974,0.2562,0.5636
admix_origin_sym_mig_adj	Round_4_Replicate_19	-977.31	1970.62	1538102.22	165.65	0.9714,0.2903,5.8909,0.4147,0.8345,0.1174,0.354,0.8676
admix_origin_sym_mig_adj	Round_4_Replicate_20	-972.6	1961.2	735396819.03	168.33	2.1081,0.2498,7.1873,1.0963,0.5516,0.1213,0.2227,0.9882
admix_origin_sym_mig_adj	Round_4_Replicate_21	-923.77	1863.54	619282.64	160.71	1.5215,0.3039,4.9061,0.6901,0.432,0.0465,0.3783,0.9362
admix_origin_sym_mig_adj	Round_4_Replicate_22	-1006.98	2029.96	1003419.84	158.96	0.9438,0.2737,6.7807,0.3719,0.7547,0.1449,0.3664,0.7493
admix_origin_sym_mig_adj	Round_4_Replicate_23	-906.92	1829.84	103522553.68	162.46	2.5979,0.328,5.6223,0.4785,0.6736,0.1035,0.2529,0.443
admix_origin_sym_mig_adj	Round_4_Replicate_24	-893.03	1802.06	39620543.12	158.53	2.4415,0.3457,4.9415,0.7941,0.4539,0.0724,0.3103,0.9892
admix_origin_sym_mig_adj	Round_4_Replicate_25	-989.75	1995.5	225162.87	188.96	0.9636,0.2579,4.6698,0.5148,0.4615,0.0308,0.2753,0.7574
admix_origin_sym_mig_adj	Round_4_Replicate_26	-997.77	2011.54	6245712.93	193.31	1.1684,0.1758,5.1729,0.8513,0.6905,0.0412,0.2459,0.8555
admix_origin_sym_mig_adj	Round_4_Replicate_27	-939.7	1895.4	151351022.39	194.34	2.1255,0.2842,3.5883,0.7787,0.3321,0.0961,0.1862,0.9888
admix_origin_sym_mig_adj	Round_4_Replicate_28	-951.51	1919.02	1083480.0	165.22	2.1515,0.213,7.6077,0.3457,1.181,0.0856,0.2374,0.9675
admix_origin_sym_mig_adj	Round_4_Replicate_29	-939.21	1894.42	16209841.52	168.0	1.8894,0.2818,4.6178,1.0316,0.5492,0.1337,0.2827,0.9892
admix_origin_sym_mig_adj	Round_4_Replicate_30	-872.98	1761.96	409136191.88	136.53	3.2,0.2813,5.6165,0.4677,0.5116,0.1575,0.3609,0.9886
admix_origin_sym_mig_adj	Round_4_Replicate_31	-1013.58	2043.16	48831.9	184.9	1.0161,0.3803,3.7081,0.904,0.5029,0.0333,0.3341,0.7074
admix_origin_sym_mig_adj	Round_4_Replicate_32	-935.16	1886.32	22833121.41	182.31	1.3041,0.3084,3.734,0.4156,1.0605,0.1617,0.2797,0.9888
admix_origin_sym_mig_adj	Round_4_Replicate_33	-924.47	1864.94	1125993095.78	171.29	2.829,0.2168,5.2962,0.7287,0.398,0.0598,0.2402,0.9892
admix_origin_sym_mig_adj	Round_4_Replicate_34	-952.37	1920.74	23525158.23	153.24	1.6601,0.2298,5.112,0.7707,1.0491,0.0898,0.4396,0.5328
admix_origin_sym_mig_adj	Round_4_Replicate_35	-894.08	1804.16	283839667.0	150.64	3.31,0.3855,5.1885,0.8211,0.3952,0.0968,0.2974,0.9892
admix_origin_sym_mig_adj	Round_4_Replicate_36	-920.81	1857.62	35648894.32	182.68	1.9965,0.2988,4.0035,0.7288,0.653,0.0354,0.2606,0.7212
admix_origin_sym_mig_adj	Round_4_Replicate_37	-878.46	1772.92	3468016.55	169.9	1.8412,0.3971,4.0785,0.3558,0.3752,0.0862,0.2907,0.9892
admix_origin_sym_mig_adj	Round_4_Replicate_38	-890.08	1796.16	102370974.69	151.89	2.6245,0.2844,4.6008,0.5694,0.6994,0.0932,0.3565,0.7925
admix_origin_sym_mig_adj	Round_4_Replicate_39	-986.96	1989.92	3166456.56	203.48	1.0008,0.3619,4.7784,0.6907,0.6471,0.0801,0.1985,0.988
admix_origin_sym_mig_adj	Round_4_Replicate_40	-936.61	1889.22	4780218.06	177.09	1.3922,0.3463,3.9162,0.6557,0.9692,0.0562,0.3228,0.4524
