Model	Replicate	log-likelihood	AIC	chi-squared	theta	optimized_params(nu1, nu2, nu3, m1, m2, T1)
sim_split_sym_mig_adjacent	Round_1_Replicate_1	-2789.96	5591.92	7010.91	392.1	0.1807,0.2818,0.1457,1.4876,0.219,2.0636
sim_split_sym_mig_adjacent	Round_1_Replicate_2	-1914.99	3841.98	4171771.84	205.48	6.9232,0.2715,0.4004,4.333,3.187,1.1366
sim_split_sym_mig_adjacent	Round_1_Replicate_3	-1778.28	3568.56	111128.66	102.05	0.2826,3.8387,1.5359,2.0439,0.4634,7.6232
sim_split_sym_mig_adjacent	Round_1_Replicate_4	-1785.21	3582.42	4934925.05	87.44	3.478,2.4818,1.2791,0.5511,6.6338,2.5761
sim_split_sym_mig_adjacent	Round_1_Replicate_5	-1821.29	3654.58	24329.08	156.02	1.907,0.8446,6.0986,0.3524,0.5952,0.7454
sim_split_sym_mig_adjacent	Round_1_Replicate_6	-1512.13	3036.26	228632.6	166.83	0.5079,1.6363,1.051,5.8844,0.5369,1.8697
sim_split_sym_mig_adjacent	Round_1_Replicate_7	-2192.75	4397.5	80329.31	308.02	0.8078,0.193,0.4439,5.5352,1.5516,7.5162
sim_split_sym_mig_adjacent	Round_1_Replicate_8	-1439.07	2890.14	148012.75	63.23	2.9724,6.6404,1.824,6.2065,0.6858,3.1526
sim_split_sym_mig_adjacent	Round_1_Replicate_9	-3421.1	6854.2	20005.13	199.87	0.2065,0.1673,4.5003,7.2354,0.7357,4.7028
sim_split_sym_mig_adjacent	Round_1_Replicate_10	-1272.46	2556.92	32617.17	177.84	0.5419,6.6306,1.0738,0.7182,0.5049,0.2823
sim_split_sym_mig_adjacent	Round_2_Replicate_1	-1983.5	3979.0	77723636.8	227.85	0.3152,11.5899,2.803,0.2122,1.0449,0.1238
sim_split_sym_mig_adjacent	Round_2_Replicate_2	-1552.4	3116.8	21196.64	296.36	0.2388,1.7007,0.6637,2.2866,0.1422,0.1216
sim_split_sym_mig_adjacent	Round_2_Replicate_3	-1149.65	2311.3	6431572.74	208.46	1.018,7.1832,0.3551,2.6052,1.3669,0.1824
sim_split_sym_mig_adjacent	Round_2_Replicate_4	-1638.0	3288.0	292202.63	193.17	0.3418,10.5309,1.6121,0.5142,0.3646,0.2005
sim_split_sym_mig_adjacent	Round_2_Replicate_5	-1094.03	2200.06	14929257.99	227.52	1.2373,4.1433,0.4023,0.296,0.865,0.1477
sim_split_sym_mig_adjacent	Round_2_Replicate_6	-1464.77	2941.54	9236579.28	183.96	1.7947,3.1301,3.992,0.2214,0.9743,0.2415
sim_split_sym_mig_adjacent	Round_2_Replicate_7	-1436.24	2884.48	488999527.44	250.88	1.0253,3.1036,0.8309,1.7395,1.3097,0.1133
sim_split_sym_mig_adjacent	Round_2_Replicate_8	-2233.05	4478.1	141974.05	188.32	0.1742,2.6665,2.8501,0.1991,0.7214,0.4283
sim_split_sym_mig_adjacent	Round_2_Replicate_9	-1343.09	2698.18	6199.65	197.63	0.2957,3.8438,0.3425,0.9587,0.5597,0.4078
sim_split_sym_mig_adjacent	Round_2_Replicate_10	-1392.67	2797.34	5557949.86	178.29	1.6196,4.4908,2.956,0.2715,0.8526,0.2374
sim_split_sym_mig_adjacent	Round_2_Replicate_11	-1263.05	2538.1	1492.53	196.13	0.761,1.8059,0.6803,0.3067,0.2059,0.5274
sim_split_sym_mig_adjacent	Round_2_Replicate_12	-1821.91	3655.82	15596.27	85.37	0.2394,21.2366,1.8173,0.6188,0.2609,1.0882
sim_split_sym_mig_adjacent	Round_2_Replicate_13	-1039.15	2090.3	51307.82	143.17	1.4839,6.5893,1.5754,0.2258,0.1259,0.3835
sim_split_sym_mig_adjacent	Round_2_Replicate_14	-1668.85	3349.7	18579.89	114.85	0.1857,16.5832,0.5275,1.2114,0.4254,0.9622
sim_split_sym_mig_adjacent	Round_2_Replicate_15	-1113.57	2239.14	367792.16	137.55	0.67,13.0762,0.4678,0.9029,0.4001,0.4524
sim_split_sym_mig_adjacent	Round_2_Replicate_16	-1901.62	3815.24	35490699.99	208.0	0.3177,13.7137,2.8028,1.5399,1.2946,0.1621
sim_split_sym_mig_adjacent	Round_2_Replicate_17	-1788.02	3588.04	36325.92	257.92	0.1663,3.9039,0.6984,0.5474,0.7493,0.1365
sim_split_sym_mig_adjacent	Round_2_Replicate_18	-1435.3	2882.6	6126.23	85.21	0.5926,18.5691,0.7309,0.2772,0.3131,1.0502
sim_split_sym_mig_adjacent	Round_2_Replicate_19	-951.63	1915.26	3228623.56	175.36	1.2465,8.6341,0.3462,0.3548,0.2154,0.245
sim_split_sym_mig_adjacent	Round_2_Replicate_20	-1412.32	2836.64	573570629.66	165.36	1.3427,10.3181,1.2912,1.6185,1.9951,0.2598
sim_split_sym_mig_adjacent	Round_3_Replicate_1	-1407.29	2826.58	20208.66	203.91	0.4173,6.6739,1.0646,0.2836,0.0777,0.1952
sim_split_sym_mig_adjacent	Round_3_Replicate_2	-1056.71	2125.42	33991129.06	162.18	3.9117,15.2717,0.2613,0.9278,0.0863,0.2231
sim_split_sym_mig_adjacent	Round_3_Replicate_3	-900.35	1812.7	98381127.9	149.93	2.3046,8.5364,0.2449,0.3543,0.3918,0.3347
sim_split_sym_mig_adjacent	Round_3_Replicate_4	-1168.31	2348.62	25409526.57	213.63	3.4512,5.7336,0.5577,0.1093,0.059,0.1344
sim_split_sym_mig_adjacent	Round_3_Replicate_5	-1049.85	2111.7	268703836.67	140.53	2.8614,13.1434,0.9845,0.1996,0.4661,0.3014
sim_split_sym_mig_adjacent	Round_3_Replicate_6	-1013.08	2038.16	17898.47	198.65	0.8894,4.0355,0.392,0.2111,0.1773,0.2526
sim_split_sym_mig_adjacent	Round_3_Replicate_7	-1156.01	2324.02	38220843.66	198.25	1.0283,19.1525,0.4606,0.5187,0.3137,0.1575
sim_split_sym_mig_adjacent	Round_3_Replicate_8	-1046.58	2105.16	2861.97	160.79	1.4607,2.7377,0.7584,0.2228,0.4851,0.529
sim_split_sym_mig_adjacent	Round_3_Replicate_9	-999.74	2011.48	24544.42	181.59	0.871,4.8881,0.4577,0.3573,0.2178,0.299
sim_split_sym_mig_adjacent	Round_3_Replicate_10	-1226.64	2465.28	1989194.07	206.03	1.4029,3.2952,1.2987,0.4369,0.5491,0.196
sim_split_sym_mig_adjacent	Round_3_Replicate_11	-1178.8	2369.6	4433401.91	128.48	1.5344,22.8136,0.1701,0.1256,0.0642,0.3781
sim_split_sym_mig_adjacent	Round_3_Replicate_12	-1026.32	2064.64	3319.91	99.49	1.4034,8.1231,1.1951,0.1588,0.1373,0.8814
sim_split_sym_mig_adjacent	Round_3_Replicate_13	-1010.58	2033.16	27049042.69	158.71	1.6936,13.2941,0.1749,0.233,0.7005,0.2845
sim_split_sym_mig_adjacent	Round_3_Replicate_14	-1231.18	2474.36	234319848.68	197.91	1.5661,8.1139,1.0713,0.4858,0.0489,0.1629
sim_split_sym_mig_adjacent	Round_3_Replicate_15	-923.23	1858.46	1344525.35	185.9	1.3264,3.9425,0.293,0.5844,0.256,0.2967
sim_split_sym_mig_adjacent	Round_3_Replicate_16	-1022.51	2057.02	69214266.5	190.69	1.4092,11.7914,0.2147,0.1895,0.7255,0.1891
sim_split_sym_mig_adjacent	Round_3_Replicate_17	-1082.15	2176.3	11730.07	224.16	0.7258,2.5908,0.4293,0.4945,0.2971,0.2342
sim_split_sym_mig_adjacent	Round_3_Replicate_18	-1215.12	2442.24	215943.28	290.26	0.4852,2.6125,0.1372,0.0841,0.1228,0.0907
sim_split_sym_mig_adjacent	Round_3_Replicate_19	-1050.3	2112.6	5735596516.4	100.21	5.0159,17.5152,0.2156,0.1598,0.0704,0.5379
sim_split_sym_mig_adjacent	Round_3_Replicate_20	-1243.27	2498.54	2793.59	245.13	0.5006,2.7021,0.466,0.0955,0.0706,0.1712
sim_split_sym_mig_adjacent	Round_3_Replicate_21	-1315.04	2642.08	32442.82	172.15	0.5172,10.9475,1.038,0.6069,0.3145,0.2592
sim_split_sym_mig_adjacent	Round_3_Replicate_22	-969.01	1950.02	2628842.39	133.79	2.8747,7.352,1.2515,0.0994,0.3542,0.3861
sim_split_sym_mig_adjacent	Round_3_Replicate_23	-1136.81	2285.62	88372010.59	161.55	3.4848,14.9282,0.8234,0.4875,0.2849,0.2166
sim_split_sym_mig_adjacent	Round_3_Replicate_24	-1055.39	2122.78	180407271.36	154.07	1.7231,4.1253,0.1883,1.098,0.1007,0.4975
sim_split_sym_mig_adjacent	Round_3_Replicate_25	-903.94	1819.88	67747514.35	105.91	1.6163,8.9411,0.8264,1.0461,0.2736,0.7787
sim_split_sym_mig_adjacent	Round_3_Replicate_26	-1127.36	2266.72	393737.7	136.95	1.4406,5.5317,0.1988,0.3697,0.0623,0.5913
sim_split_sym_mig_adjacent	Round_3_Replicate_27	-936.94	1885.88	1994960.94	195.7	1.5712,4.0282,0.2273,0.1988,0.2551,0.2416
sim_split_sym_mig_adjacent	Round_3_Replicate_28	-1188.98	2389.96	760506078.07	152.42	5.283,11.0795,1.0632,1.0811,0.2319,0.2432
sim_split_sym_mig_adjacent	Round_3_Replicate_29	-1095.05	2202.1	101202497.35	171.16	2.6665,4.0075,1.3834,0.6184,0.3263,0.2679
sim_split_sym_mig_adjacent	Round_3_Replicate_30	-1109.98	2231.96	1245111242.63	88.38	4.7368,20.7634,0.1852,0.1411,0.1119,0.6615
sim_split_sym_mig_adjacent	Round_4_Replicate_1	-888.6	1789.2	335435.09	161.94	1.5934,5.186,0.4706,0.2822,0.2148,0.3454
sim_split_sym_mig_adjacent	Round_4_Replicate_2	-860.92	1733.84	71718712.11	141.15	3.6255,6.0252,0.3584,0.292,0.625,0.3991
sim_split_sym_mig_adjacent	Round_4_Replicate_3	-920.87	1853.74	1106004.38	152.44	1.6724,7.4224,0.3725,0.2666,0.6614,0.3569
sim_split_sym_mig_adjacent	Round_4_Replicate_4	-848.63	1709.26	100257782.94	122.31	4.6915,5.4793,0.4035,0.4413,0.5815,0.5519
sim_split_sym_mig_adjacent	Round_4_Replicate_5	-851.67	1715.34	47481584.23	127.59	3.3077,9.565,0.5301,0.1732,0.3345,0.4106
sim_split_sym_mig_adjacent	Round_4_Replicate_6	-830.8	1673.6	300496341.58	128.88	3.0712,6.93,0.5242,0.6336,0.2606,0.4616
sim_split_sym_mig_adjacent	Round_4_Replicate_7	-835.9	1683.8	116310603.75	135.92	4.204,5.2521,0.3767,0.375,0.3266,0.441
sim_split_sym_mig_adjacent	Round_4_Replicate_8	-839.48	1690.96	264816936.4	137.88	3.8651,6.9275,0.3969,0.2753,0.227,0.3816
sim_split_sym_mig_adjacent	Round_4_Replicate_9	-885.18	1782.36	59947.11	122.52	1.8604,6.1049,0.5675,0.2528,0.2992,0.638
sim_split_sym_mig_adjacent	Round_4_Replicate_10	-915.57	1843.14	2083744.58	166.49	1.6296,4.948,0.2578,0.4718,0.6738,0.3577
sim_split_sym_mig_adjacent	Round_4_Replicate_11	-900.58	1813.16	2931769.05	174.44	1.8555,4.8926,0.2607,0.2237,0.4567,0.2964
sim_split_sym_mig_adjacent	Round_4_Replicate_12	-913.59	1839.18	6039257.22	138.01	5.0946,11.1138,0.3976,0.4419,0.2251,0.3162
sim_split_sym_mig_adjacent	Round_4_Replicate_13	-845.46	1702.92	87051675.39	109.43	4.545,9.6035,0.4217,0.2124,0.476,0.5586
sim_split_sym_mig_adjacent	Round_4_Replicate_14	-921.13	1854.26	1168300878.78	179.41	3.8775,4.4758,0.332,0.2192,0.1877,0.2375
sim_split_sym_mig_adjacent	Round_4_Replicate_15	-872.4	1756.8	610845753.94	159.39	3.149,5.9099,0.3445,0.4292,0.2175,0.2998
sim_split_sym_mig_adjacent	Round_4_Replicate_16	-885.47	1782.94	333192834.44	142.06	4.9832,5.59,0.2588,0.1653,0.2154,0.3807
sim_split_sym_mig_adjacent	Round_4_Replicate_17	-890.62	1793.24	185101.6	136.35	1.5648,7.4008,0.5344,0.276,0.1792,0.4517
sim_split_sym_mig_adjacent	Round_4_Replicate_18	-928.97	1869.94	7944115.61	184.41	1.6899,5.2985,0.3018,0.2934,0.6969,0.2482
sim_split_sym_mig_adjacent	Round_4_Replicate_19	-907.8	1827.6	411609738.78	146.74	2.6062,6.8577,0.2151,0.6412,0.5384,0.3842
sim_split_sym_mig_adjacent	Round_4_Replicate_20	-916.77	1845.54	47610955.18	172.64	2.7104,4.5489,0.1994,0.2933,0.729,0.3002
sim_split_sym_mig_adjacent	Round_4_Replicate_21	-919.25	1850.5	340076221.86	180.29	3.7161,4.1062,0.2822,0.1915,0.6162,0.251
sim_split_sym_mig_adjacent	Round_4_Replicate_22	-932.67	1877.34	111161.68	164.12	1.2036,5.7105,0.3831,0.3008,0.2615,0.3475
sim_split_sym_mig_adjacent	Round_4_Replicate_23	-895.41	1802.82	98994962.73	144.98	3.0147,8.1211,0.2304,0.1335,0.3854,0.3508
sim_split_sym_mig_adjacent	Round_4_Replicate_24	-888.72	1789.44	633657.98	157.64	1.8896,5.1448,0.3167,0.2188,0.4458,0.377
sim_split_sym_mig_adjacent	Round_4_Replicate_25	-868.06	1748.12	2870511.77	126.81	3.0548,6.0321,0.4002,0.294,0.6989,0.5458
sim_split_sym_mig_adjacent	Round_4_Replicate_26	-855.78	1723.56	47935335.12	149.95	2.893,6.2628,0.3587,0.2795,0.4435,0.3501
sim_split_sym_mig_adjacent	Round_4_Replicate_27	-977.04	1966.08	78831.63	156.1	1.2001,7.6596,0.3441,0.1762,0.5107,0.3541
sim_split_sym_mig_adjacent	Round_4_Replicate_28	-940.16	1892.32	257860.08	163.36	1.2536,5.3601,0.375,0.4582,0.6323,0.3726
sim_split_sym_mig_adjacent	Round_4_Replicate_29	-881.56	1775.12	558081065.78	151.8	3.9025,6.9769,0.3818,0.1366,0.4702,0.3076
sim_split_sym_mig_adjacent	Round_4_Replicate_30	-915.83	1843.66	350637.75	146.66	1.4838,6.7459,0.3786,0.3499,0.5259,0.4221
sim_split_sym_mig_adjacent	Round_4_Replicate_31	-818.59	1649.18	4410647.64	115.58	3.4137,6.4482,0.661,0.3021,0.3764,0.5959
sim_split_sym_mig_adjacent	Round_4_Replicate_32	-842.27	1696.54	163999039.48	142.66	3.556,6.67,0.4475,0.2742,0.1954,0.3592
sim_split_sym_mig_adjacent	Round_4_Replicate_33	-856.58	1725.16	56286403.88	124.64	4.3327,5.5254,0.2945,0.359,0.4293,0.5454
sim_split_sym_mig_adjacent	Round_4_Replicate_34	-885.01	1782.02	3904807726.59	104.88	4.077,15.2363,0.454,0.4369,0.2357,0.5226
sim_split_sym_mig_adjacent	Round_4_Replicate_35	-922.0	1856.0	1674614.28	157.77	1.6665,7.3663,0.2493,0.1714,0.3504,0.3306
sim_split_sym_mig_adjacent	Round_4_Replicate_36	-871.46	1754.92	4716184.62	135.26	2.349,7.6601,0.3342,0.2674,0.4997,0.441
sim_split_sym_mig_adjacent	Round_4_Replicate_37	-902.93	1817.86	52111273.05	168.16	2.3994,5.2425,0.3346,0.4298,0.7715,0.2977
sim_split_sym_mig_adjacent	Round_4_Replicate_38	-935.23	1882.46	731883232.2	112.33	4.7272,6.7453,0.1879,0.5512,0.5149,0.6513
sim_split_sym_mig_adjacent	Round_4_Replicate_39	-868.45	1748.9	558271088.54	147.28	4.4235,5.6938,0.289,0.2525,0.264,0.3522
sim_split_sym_mig_adjacent	Round_4_Replicate_40	-949.74	1911.48	195766.4	175.45	1.2747,4.7594,0.3251,0.3352,0.6985,0.3252
