Model	Replicate	log-likelihood	AIC	chi-squared	theta	optimized_params(nu1, nu2, nu3, T1, T2, f)
admix_origin_no_mig	Round_1_Replicate_1	-6431.56	12875.12	1464330353748.01	84.24	8.0832,0.2232,0.4709,0.1475,3.3229,0.0944
admix_origin_no_mig	Round_1_Replicate_2	-3639.48	7290.96	43498303.66	80.86	1.3047,0.4785,4.0303,0.4697,3.5538,0.9887
admix_origin_no_mig	Round_1_Replicate_3	-4070.65	8153.3	16263135.55	78.34	0.199,6.6483,7.6601,0.4484,1.5495,0.9887
admix_origin_no_mig	Round_1_Replicate_4	-2323.63	4659.26	7189.18	139.24	1.3292,3.4063,0.803,1.4245,0.2664,0.2406
admix_origin_no_mig	Round_1_Replicate_5	-3210.74	6433.48	68368.34	159.24	0.5589,2.4931,1.0186,0.607,1.1187,0.9807
admix_origin_no_mig	Round_1_Replicate_6	-2001.52	4015.04	5284.46	341.83	0.3381,0.4158,0.6839,0.1684,0.1923,0.1543
admix_origin_no_mig	Round_1_Replicate_7	-6321.91	12655.82	38559162511.17	224.48	0.8384,0.2417,0.2816,0.1251,2.2349,0.091
admix_origin_no_mig	Round_1_Replicate_8	-4375.48	8762.96	1944704.52	97.89	0.6805,6.2203,1.2558,0.2913,2.8783,0.0633
admix_origin_no_mig	Round_1_Replicate_9	-3922.95	7857.9	1792599932427.64	58.53	2.5563,0.2338,4.2541,0.8522,6.1887,0.0777
admix_origin_no_mig	Round_1_Replicate_10	-3541.27	7094.54	193838.88	300.72	0.4454,0.435,0.4193,0.6542,0.6496,0.9887
admix_origin_no_mig	Round_2_Replicate_1	-1725.06	3462.12	5121.33	221.86	0.6028,0.8385,1.4316,0.0912,0.386,0.1994
admix_origin_no_mig	Round_2_Replicate_2	-2003.36	4018.72	34038.51	250.85	0.9742,0.8062,0.8147,0.5924,0.0764,0.0537
admix_origin_no_mig	Round_2_Replicate_3	-3565.84	7143.68	53134.76	543.3	0.1156,0.4063,0.181,0.4947,0.0596,0.1094
admix_origin_no_mig	Round_2_Replicate_4	-1754.04	3520.08	9201.99	371.67	0.4331,0.2334,0.7759,0.4972,0.0976,0.5489
admix_origin_no_mig	Round_2_Replicate_5	-2651.32	5314.64	8298.06	412.97	0.3087,0.5722,0.2258,0.1067,0.0994,0.1159
admix_origin_no_mig	Round_2_Replicate_6	-1853.7	3719.4	55074.36	286.98	0.2485,1.1842,1.677,0.07,0.1031,0.1988
admix_origin_no_mig	Round_2_Replicate_7	-3484.94	6981.88	7626179.79	267.07	0.1108,0.4512,1.6332,0.5889,0.4261,0.5018
admix_origin_no_mig	Round_2_Replicate_8	-4195.54	8403.08	551372.25	342.34	0.2085,0.5718,0.3431,0.2175,0.7388,0.1295
admix_origin_no_mig	Round_2_Replicate_9	-2304.04	4620.08	8280.0	443.6	0.1125,0.2218,0.717,0.092,0.118,0.0903
admix_origin_no_mig	Round_2_Replicate_10	-4453.11	8918.22	2672941.16	445.55	0.1129,0.2763,0.3313,0.1988,0.5432,0.1507
admix_origin_no_mig	Round_2_Replicate_11	-3840.75	7693.5	5927235.94	313.82	0.2177,0.2052,0.8562,0.4474,0.6795,0.0556
admix_origin_no_mig	Round_2_Replicate_12	-1310.47	2632.94	34070704.52	267.85	1.1466,0.585,2.7152,0.0414,0.0793,0.5
admix_origin_no_mig	Round_2_Replicate_13	-4225.05	8462.1	4126051.56	336.39	0.6454,0.1692,0.2518,0.4673,0.6669,0.5456
admix_origin_no_mig	Round_2_Replicate_14	-2473.49	4958.98	9232.08	388.01	0.4806,0.2105,0.3468,0.0821,0.2407,0.0613
admix_origin_no_mig	Round_2_Replicate_15	-2853.27	5718.54	21591.06	399.7	0.5701,0.1978,0.3125,0.5813,0.1207,0.0385
admix_origin_no_mig	Round_2_Replicate_16	-1998.2	4008.4	45190.95	299.51	0.1476,0.8159,2.2227,0.0409,0.0992,0.2922
admix_origin_no_mig	Round_2_Replicate_17	-2294.63	4601.26	6514.69	388.16	0.1926,0.5296,0.4698,0.0582,0.1305,0.1577
admix_origin_no_mig	Round_2_Replicate_18	-1477.52	2967.04	5571.88	266.4	1.1158,0.6387,1.0927,0.1479,0.1085,0.1207
admix_origin_no_mig	Round_2_Replicate_19	-3233.91	6479.82	30464.72	483.24	0.1125,0.3986,0.2582,0.1121,0.1744,0.1257
admix_origin_no_mig	Round_2_Replicate_20	-2793.49	5598.98	313392.71	324.74	0.1394,0.3094,1.7879,0.5697,0.2037,0.0889
admix_origin_no_mig	Round_3_Replicate_1	-1522.47	3056.94	2690.27	294.1	0.5223,0.677,1.0054,0.0836,0.1356,0.4691
admix_origin_no_mig	Round_3_Replicate_2	-1401.94	2815.88	458022.55	264.57	0.9324,0.9741,1.2107,0.1496,0.072,0.5791
admix_origin_no_mig	Round_3_Replicate_3	-1182.1	2376.2	49534299.66	204.72	4.0662,0.9159,2.5508,0.0187,0.1745,0.3151
admix_origin_no_mig	Round_3_Replicate_4	-1164.51	2341.02	463247.63	269.82	0.646,0.1875,5.5655,0.0143,0.0958,0.2305
admix_origin_no_mig	Round_3_Replicate_5	-1081.68	2175.36	16126612.75	208.83	1.1576,0.3897,9.3291,0.093,0.1263,0.4465
admix_origin_no_mig	Round_3_Replicate_6	-1147.07	2306.14	19760.22	175.12	1.075,1.4011,5.9243,0.0237,0.2484,0.9885
admix_origin_no_mig	Round_3_Replicate_7	-1239.26	2490.52	3333.83	246.34	0.4621,0.3,3.4178,0.0322,0.1627,0.4629
admix_origin_no_mig	Round_3_Replicate_8	-1374.14	2760.28	65594.1	287.83	1.3154,0.356,0.8106,0.1054,0.085,0.5835
admix_origin_no_mig	Round_3_Replicate_9	-1471.91	2955.82	7926.75	261.97	0.8581,1.0035,1.2393,0.0163,0.1638,0.1386
admix_origin_no_mig	Round_3_Replicate_10	-1025.27	2062.54	117547426.25	130.23	4.8562,1.4977,9.7511,0.1011,0.2701,0.3376
admix_origin_no_mig	Round_3_Replicate_11	-1415.14	2842.28	16088.69	241.84	0.4165,0.7224,4.7448,0.0205,0.1303,0.1274
admix_origin_no_mig	Round_3_Replicate_12	-1329.32	2670.64	16034.86	264.38	0.5467,0.9394,1.9292,0.1126,0.1118,0.7382
admix_origin_no_mig	Round_3_Replicate_13	-1802.02	3616.04	6072.04	335.49	0.3326,1.8506,0.8691,0.1091,0.0722,0.9876
admix_origin_no_mig	Round_3_Replicate_14	-1264.75	2541.5	10163653.8	241.37	2.5177,0.6782,1.4933,0.0323,0.132,0.857
admix_origin_no_mig	Round_3_Replicate_15	-1546.8	3105.6	2920.51	294.92	0.6829,0.6,0.8671,0.0141,0.156,0.8636
admix_origin_no_mig	Round_3_Replicate_16	-1172.76	2357.52	70760.66	225.84	2.385,0.4966,1.6316,0.0235,0.1898,0.2359
admix_origin_no_mig	Round_3_Replicate_17	-1752.19	3516.38	184875.42	279.87	0.6148,2.2486,1.0875,0.028,0.1165,0.1303
admix_origin_no_mig	Round_3_Replicate_18	-1656.15	3324.3	80971.28	284.51	0.427,1.5541,1.4625,0.0313,0.1016,0.4587
admix_origin_no_mig	Round_3_Replicate_19	-1602.69	3217.38	232219481.43	270.66	1.2344,1.4837,2.6811,0.0159,0.0747,0.9875
admix_origin_no_mig	Round_3_Replicate_20	-1238.04	2488.08	8103.95	279.4	1.266,0.2382,1.3562,0.0904,0.1074,0.3161
admix_origin_no_mig	Round_3_Replicate_21	-1439.49	2890.98	10489.43	262.45	0.5677,1.0189,1.736,0.0171,0.1448,0.535
admix_origin_no_mig	Round_3_Replicate_22	-889.08	1790.16	3595533.32	149.39	3.2296,0.4323,5.8837,0.1181,0.2729,0.4506
admix_origin_no_mig	Round_3_Replicate_23	-1788.69	3589.38	76443.84	310.17	0.4978,1.2881,0.8325,0.0585,0.0769,0.2025
admix_origin_no_mig	Round_3_Replicate_24	-1133.62	2279.24	42608.87	239.39	1.2973,0.3814,1.765,0.0256,0.1832,0.9888
admix_origin_no_mig	Round_3_Replicate_25	-1267.76	2547.52	1045119.64	251.64	0.6934,0.5362,5.2219,0.0143,0.0988,0.5939
admix_origin_no_mig	Round_3_Replicate_26	-1154.01	2320.02	10004413.97	253.12	1.4985,0.2237,4.9776,0.095,0.0647,0.988
admix_origin_no_mig	Round_3_Replicate_27	-1603.98	3219.96	2419.0	388.44	0.3051,0.1902,0.8131,0.0531,0.0741,0.3265
admix_origin_no_mig	Round_3_Replicate_28	-1480.48	2972.96	2151.19	328.89	0.7805,0.2283,0.7904,0.0837,0.1005,0.2848
admix_origin_no_mig	Round_3_Replicate_29	-1170.67	2353.34	3097224106.87	248.45	4.4132,0.1501,1.8151,0.0485,0.0961,0.6996
admix_origin_no_mig	Round_3_Replicate_30	-1497.91	3007.82	1022404.05	318.35	0.4163,0.5747,3.0926,0.0298,0.0576,0.9885
admix_origin_no_mig	Round_4_Replicate_1	-873.76	1759.52	1093676.07	107.4	5.4997,0.752,7.1003,0.2298,0.4193,0.4218
admix_origin_no_mig	Round_4_Replicate_2	-840.33	1692.66	1482066715.46	114.13	5.4245,0.6707,8.353,0.221,0.3177,0.7386
admix_origin_no_mig	Round_4_Replicate_3	-883.08	1778.16	125551130.29	149.51	3.4442,0.4642,7.694,0.0687,0.2562,0.5473
admix_origin_no_mig	Round_4_Replicate_4	-916.1	1844.2	10831666.44	157.93	2.7225,0.3221,7.5765,0.0554,0.2589,0.4138
admix_origin_no_mig	Round_4_Replicate_5	-896.97	1805.94	805379.49	142.72	2.5484,0.6433,6.2436,0.1787,0.2755,0.4367
admix_origin_no_mig	Round_4_Replicate_6	-944.02	1900.04	2155955.44	158.47	4.4728,0.2903,6.3466,0.0569,0.2601,0.2339
admix_origin_no_mig	Round_4_Replicate_7	-864.72	1741.44	26221535.92	120.44	4.5178,0.5405,7.9432,0.1117,0.378,0.5854
admix_origin_no_mig	Round_4_Replicate_8	-847.65	1707.3	160189432.21	119.73	4.4529,0.671,8.6035,0.1906,0.3272,0.6509
admix_origin_no_mig	Round_4_Replicate_9	-949.71	1911.42	91842.62	156.13	1.8297,0.7461,6.344,0.0881,0.2758,0.3402
admix_origin_no_mig	Round_4_Replicate_10	-851.53	1715.06	170513813.59	134.84	3.3751,0.5077,7.1066,0.1713,0.2885,0.8323
admix_origin_no_mig	Round_4_Replicate_11	-900.14	1812.28	440279863.98	156.48	3.3879,0.3495,7.3198,0.05,0.252,0.6847
admix_origin_no_mig	Round_4_Replicate_12	-933.11	1878.22	92478.64	160.26	2.3629,0.5648,4.7265,0.1554,0.2557,0.3417
admix_origin_no_mig	Round_4_Replicate_13	-948.15	1908.3	4797848945.15	151.06	6.0053,0.2879,6.7085,0.0804,0.2445,0.6165
admix_origin_no_mig	Round_4_Replicate_14	-909.97	1831.94	357685.43	146.35	3.0518,0.4777,7.5537,0.1153,0.279,0.254
admix_origin_no_mig	Round_4_Replicate_15	-909.54	1831.08	136528413.04	148.51	5.1566,0.344,5.8506,0.0766,0.2732,0.5327
admix_origin_no_mig	Round_4_Replicate_16	-894.19	1800.38	1015348816.8	156.9	3.2187,0.4445,6.8866,0.1335,0.2084,0.683
admix_origin_no_mig	Round_4_Replicate_17	-873.74	1759.48	9994669.98	109.64	5.6573,0.7746,10.2417,0.0803,0.4329,0.3291
admix_origin_no_mig	Round_4_Replicate_18	-876.09	1764.18	5734681.76	127.48	5.3398,0.5607,8.1094,0.1213,0.3231,0.3311
admix_origin_no_mig	Round_4_Replicate_19	-864.4	1740.8	8620209.87	115.31	6.1323,0.8264,7.1171,0.1744,0.3528,0.4267
admix_origin_no_mig	Round_4_Replicate_20	-945.81	1903.62	191106.44	174.86	1.7645,0.5723,4.5347,0.0949,0.2388,0.4694
admix_origin_no_mig	Round_4_Replicate_21	-905.7	1823.4	166201643.92	125.66	6.4757,0.3823,9.1904,0.0903,0.3271,0.4258
admix_origin_no_mig	Round_4_Replicate_22	-940.3	1892.6	67734.32	155.93	1.9656,0.5642,5.6457,0.1203,0.2916,0.3604
admix_origin_no_mig	Round_4_Replicate_23	-882.1	1776.2	6043000.23	146.53	2.9841,0.5043,7.2017,0.0826,0.2883,0.4655
admix_origin_no_mig	Round_4_Replicate_24	-884.84	1781.68	659860234.25	127.74	6.2439,0.5118,7.7399,0.0702,0.3418,0.6391
admix_origin_no_mig	Round_4_Replicate_25	-870.91	1753.82	2865552.59	117.16	5.4048,0.7391,8.6994,0.1742,0.3456,0.3252
admix_origin_no_mig	Round_4_Replicate_26	-855.68	1723.36	50972431.04	118.0	5.1991,0.7147,8.2538,0.1299,0.3586,0.5394
admix_origin_no_mig	Round_4_Replicate_27	-854.34	1720.68	20257885.74	109.88	4.7663,0.846,8.13,0.1233,0.4311,0.7482
admix_origin_no_mig	Round_4_Replicate_28	-890.62	1793.24	3465354.84	141.02	4.6555,0.5668,4.9951,0.141,0.2939,0.4636
admix_origin_no_mig	Round_4_Replicate_29	-873.13	1758.26	56510840.49	134.19	3.2853,0.497,9.4062,0.1014,0.2952,0.5566
admix_origin_no_mig	Round_4_Replicate_30	-970.39	1952.78	92109856.5	152.12	6.1538,0.3004,8.8375,0.1349,0.1711,0.803
admix_origin_no_mig	Round_4_Replicate_31	-878.28	1768.56	1521352.5	133.45	3.5308,0.5838,7.9964,0.105,0.3252,0.3356
admix_origin_no_mig	Round_4_Replicate_32	-1029.42	2070.84	6162.11	132.95	1.9413,0.652,5.6082,0.0828,0.4743,0.3874
admix_origin_no_mig	Round_4_Replicate_33	-874.12	1760.24	2845164.28	122.46	4.1894,0.7612,9.001,0.1065,0.3578,0.329
admix_origin_no_mig	Round_4_Replicate_34	-856.52	1725.04	23295708.84	127.54	4.1293,0.5639,6.9995,0.1392,0.328,0.5753
admix_origin_no_mig	Round_4_Replicate_35	-903.62	1819.24	8444185.26	133.54	6.961,0.539,8.4165,0.1023,0.2838,0.2475
admix_origin_no_mig	Round_4_Replicate_36	-940.98	1893.96	8078626.01	158.92	2.9631,0.2603,6.1796,0.0442,0.279,0.4399
admix_origin_no_mig	Round_4_Replicate_37	-983.27	1978.54	14247.11	121.39	2.1412,0.6825,7.7385,0.082,0.4842,0.3305
admix_origin_no_mig	Round_4_Replicate_38	-904.08	1820.16	1338994.69	158.32	3.1613,0.4948,5.6458,0.0406,0.2797,0.2412
admix_origin_no_mig	Round_4_Replicate_39	-948.05	1908.1	560621.02	184.88	2.0592,0.5001,4.8049,0.0655,0.2031,0.3106
admix_origin_no_mig	Round_4_Replicate_40	-899.8	1811.6	65103833.99	133.28	7.0111,0.5906,7.2898,0.0485,0.3269,0.2929
