Model	Replicate	log-likelihood	AIC	chi-squared	theta	optimized_params(nu1, nu2, nu3, T1)
sim_split_no_mig	Round_1_Replicate_1	-1505.92	3019.84	4611.83	306.59	0.5945,0.9562,0.5098,0.1201
sim_split_no_mig	Round_1_Replicate_2	-2146.46	4300.92	17082.04	199.61	0.8857,1.4327,0.2849,0.7729
sim_split_no_mig	Round_1_Replicate_3	-6720.39	13448.78	160823529619.28	91.65	0.438,1.167,3.077,5.8592
sim_split_no_mig	Round_1_Replicate_4	-1861.18	3730.36	3677785.67	202.33	7.0214,1.1307,3.6417,0.2325
sim_split_no_mig	Round_1_Replicate_5	-4985.14	9978.28	1731221989203.02	148.58	0.6453,0.1291,2.2251,2.8105
sim_split_no_mig	Round_1_Replicate_6	-7205.76	14419.52	763648575057888.5	203.76	0.8694,0.2906,0.1612,2.8377
sim_split_no_mig	Round_1_Replicate_7	-4810.52	9629.04	475215338.07	210.55	0.3626,0.8927,0.2615,2.0386
sim_split_no_mig	Round_1_Replicate_8	-5140.74	10289.48	381729003860.65	69.23	2.4156,0.1477,5.5175,5.104
sim_split_no_mig	Round_1_Replicate_9	-2950.35	5908.7	28071.8	259.3	1.5565,0.2877,2.2249,0.3118
sim_split_no_mig	Round_1_Replicate_10	-2812.97	5633.94	10168.89	394.59	0.4078,0.1958,0.7478,0.1273
sim_split_no_mig	Round_2_Replicate_1	-2366.03	4740.06	4455916.79	385.87	0.2294,0.4237,1.9761,0.0362
sim_split_no_mig	Round_2_Replicate_2	-1513.76	3035.52	5029.68	329.29	0.7441,0.6936,0.2016,0.1143
sim_split_no_mig	Round_2_Replicate_3	-1718.96	3445.92	3695.72	298.16	0.2719,1.2236,0.3079,0.205
sim_split_no_mig	Round_2_Replicate_4	-1320.14	2648.28	510991.33	231.9	0.972,4.0452,1.1263,0.1339
sim_split_no_mig	Round_2_Replicate_5	-1604.2	3216.4	3349.53	260.31	1.2283,0.9092,0.2283,0.287
sim_split_no_mig	Round_2_Replicate_6	-1100.33	2208.66	12301.7	233.27	0.9688,2.369,0.3328,0.1972
sim_split_no_mig	Round_2_Replicate_7	-1876.48	3760.96	303137.45	297.93	1.0389,0.7288,1.9377,0.1128
sim_split_no_mig	Round_2_Replicate_8	-1436.48	2880.96	5421.02	221.07	0.502,2.6982,1.0957,0.2306
sim_split_no_mig	Round_2_Replicate_9	-1643.52	3295.04	1030102.54	321.33	1.3984,0.6666,0.3995,0.0808
sim_split_no_mig	Round_2_Replicate_10	-1708.56	3425.12	5888.02	229.8	0.2572,2.7933,0.6881,0.2455
sim_split_no_mig	Round_2_Replicate_11	-2293.08	4594.16	266276.81	404.71	0.1566,0.3674,0.4987,0.0294
sim_split_no_mig	Round_2_Replicate_12	-1712.7	3433.4	1831184.86	293.42	0.3998,3.3926,0.9464,0.0657
sim_split_no_mig	Round_2_Replicate_13	-1657.12	3322.24	4565828.75	267.0	1.6715,1.3612,1.9901,0.1117
sim_split_no_mig	Round_2_Replicate_14	-1409.79	2827.58	1481491.33	251.97	1.2322,2.2801,1.2295,0.12
sim_split_no_mig	Round_2_Replicate_15	-1616.2	3240.4	75489.2	283.56	0.3756,1.9331,1.06,0.1066
sim_split_no_mig	Round_2_Replicate_16	-1659.9	3327.8	12601.15	306.07	0.8851,0.7263,0.7091,0.1209
sim_split_no_mig	Round_2_Replicate_17	-1699.61	3407.22	20327.49	343.1	1.0613,0.4865,0.2086,0.0904
sim_split_no_mig	Round_2_Replicate_18	-1565.13	3138.26	55191.4	275.21	0.3632,2.4855,0.9128,0.1072
sim_split_no_mig	Round_2_Replicate_19	-1988.77	3985.54	9368.45	237.55	0.2671,1.6834,1.1148,0.3241
sim_split_no_mig	Round_2_Replicate_20	-2392.73	4793.46	8774.57	391.71	0.2304,0.5095,0.1506,0.2595
sim_split_no_mig	Round_3_Replicate_1	-1228.9	2465.8	5038.36	240.38	0.4278,5.0136,0.2794,0.1417
sim_split_no_mig	Round_3_Replicate_2	-1412.87	2833.74	3395.66	320.74	0.5352,0.9533,0.2056,0.1155
sim_split_no_mig	Round_3_Replicate_3	-931.54	1871.08	118512030.86	134.77	3.3254,11.3393,0.3415,0.3475
sim_split_no_mig	Round_3_Replicate_4	-983.93	1975.86	15640.73	142.22	1.6472,6.7946,0.6688,0.4027
sim_split_no_mig	Round_3_Replicate_5	-1276.96	2561.92	1964208.21	311.64	0.5855,1.7397,0.0829,0.078
sim_split_no_mig	Round_3_Replicate_6	-2059.1	4126.2	6516.79	267.12	0.6383,0.6984,0.9652,0.3503
sim_split_no_mig	Round_3_Replicate_7	-1383.83	2775.66	426275.66	323.89	0.809,0.9382,0.1933,0.0808
sim_split_no_mig	Round_3_Replicate_8	-1327.98	2663.96	1428721.25	264.91	3.1221,1.0587,0.2313,0.1436
sim_split_no_mig	Round_3_Replicate_9	-929.02	1866.04	2100271.84	155.75	1.9001,9.28,0.462,0.2866
sim_split_no_mig	Round_3_Replicate_10	-1192.72	2393.44	6232.25	228.08	1.1276,1.9595,0.6662,0.215
sim_split_no_mig	Round_3_Replicate_11	-1405.87	2819.74	2212.39	244.45	0.8111,1.356,0.5405,0.267
sim_split_no_mig	Round_3_Replicate_12	-979.14	1966.28	1492902.33	175.6	2.6379,3.8525,0.7208,0.2705
sim_split_no_mig	Round_3_Replicate_13	-1502.45	3012.9	24967.83	192.42	0.4147,9.5371,1.133,0.2012
sim_split_no_mig	Round_3_Replicate_14	-1223.75	2455.5	4181.45	211.86	0.9699,2.4565,0.9544,0.2429
sim_split_no_mig	Round_3_Replicate_15	-1016.76	2041.52	307961696.06	216.52	1.5641,6.5725,0.1831,0.1472
sim_split_no_mig	Round_3_Replicate_16	-967.15	1942.3	722011.75	198.26	1.4256,4.691,0.3805,0.2085
sim_split_no_mig	Round_3_Replicate_17	-1324.9	2657.8	756872.85	313.07	1.0146,1.0175,0.1322,0.0938
sim_split_no_mig	Round_3_Replicate_18	-1068.8	2145.6	160724.73	226.56	0.769,5.0385,0.2023,0.1583
sim_split_no_mig	Round_3_Replicate_19	-1032.78	2073.56	155350.21	227.27	1.072,3.1582,0.2668,0.1788
sim_split_no_mig	Round_3_Replicate_20	-1213.15	2434.3	3820.06	200.46	0.8798,3.0716,0.9912,0.2599
sim_split_no_mig	Round_3_Replicate_21	-948.62	1905.24	483106.84	159.59	1.5946,8.8494,0.4771,0.2821
sim_split_no_mig	Round_3_Replicate_22	-1164.83	2337.66	3841066111.46	246.58	2.153,3.0737,0.0881,0.1243
sim_split_no_mig	Round_3_Replicate_23	-1076.01	2160.02	850705.14	231.98	0.7669,6.2544,0.1907,0.1359
sim_split_no_mig	Round_3_Replicate_24	-1312.28	2632.56	2692.65	260.09	0.926,1.2971,0.4494,0.1958
sim_split_no_mig	Round_3_Replicate_25	-1215.5	2439.0	2930.32	156.88	0.7103,8.1335,0.5499,0.3466
sim_split_no_mig	Round_3_Replicate_26	-1419.39	2846.78	35312.84	311.37	1.0361,0.8148,0.2238,0.1123
sim_split_no_mig	Round_3_Replicate_27	-1246.93	2501.86	4863.06	224.35	1.047,1.9934,0.8803,0.2237
sim_split_no_mig	Round_3_Replicate_28	-1172.75	2353.5	9251.03	163.04	0.9026,9.1362,1.0602,0.2761
sim_split_no_mig	Round_3_Replicate_29	-1150.28	2308.56	5170.83	239.86	0.6272,2.9831,0.3303,0.1706
sim_split_no_mig	Round_3_Replicate_30	-1238.29	2484.58	2433.89	230.22	0.4683,3.7715,0.3527,0.1844
sim_split_no_mig	Round_4_Replicate_1	-949.17	1906.34	5965841.86	173.94	1.7339,7.8385,0.2761,0.2424
sim_split_no_mig	Round_4_Replicate_2	-969.72	1947.44	69834.34	141.97	1.6786,9.0317,0.7466,0.3546
sim_split_no_mig	Round_4_Replicate_3	-894.45	1796.9	28872363.6	142.51	3.1731,8.5291,0.5026,0.3306
sim_split_no_mig	Round_4_Replicate_4	-889.64	1787.28	19022391.54	126.07	4.2401,8.1848,0.7119,0.4106
sim_split_no_mig	Round_4_Replicate_5	-902.66	1813.32	4999874.07	150.68	2.5852,7.2175,0.4289,0.3219
sim_split_no_mig	Round_4_Replicate_6	-925.5	1859.0	258137.78	141.47	2.1895,7.4913,0.7085,0.3671
sim_split_no_mig	Round_4_Replicate_7	-922.14	1852.28	1172586.86	155.74	1.9686,7.9419,0.522,0.2975
sim_split_no_mig	Round_4_Replicate_8	-888.09	1784.18	29482427.34	126.82	4.2096,8.4828,0.5884,0.4056
sim_split_no_mig	Round_4_Replicate_9	-1020.36	2048.7200000000003	73087.18	194.41	0.9567,6.4526,0.3355,0.2118
sim_split_no_mig	Round_4_Replicate_10	-914.19	1836.38	6254792.1	160.09	2.1828,7.7346,0.39,0.2812
sim_split_no_mig	Round_4_Replicate_11	-930.61	1869.22	193864462.94	149.01	2.8131,12.0961,0.4044,0.2804
sim_split_no_mig	Round_4_Replicate_12	-1049.22	2106.44	5265.82	162.05	1.1676,5.7518,0.7355,0.3321
sim_split_no_mig	Round_4_Replicate_13	-902.23	1812.46	12678505.78	110.71	4.2487,11.4519,0.9337,0.473
sim_split_no_mig	Round_4_Replicate_14	-916.24	1840.48	2450915.22	166.28	2.0926,6.2485,0.4001,0.2784
sim_split_no_mig	Round_4_Replicate_15	-1003.08	2014.16	15253.41	163.99	1.356,5.649,0.6878,0.3159
sim_split_no_mig	Round_4_Replicate_16	-950.59	1909.18	566127.39	172.93	1.526,7.1291,0.4707,0.2509
sim_split_no_mig	Round_4_Replicate_17	-917.54	1843.08	1063079.8	161.0	2.0626,6.4385,0.5108,0.2943
sim_split_no_mig	Round_4_Replicate_18	-966.02	1940.04	561561.7	191.18	1.3303,5.7866,0.3703,0.2159
sim_split_no_mig	Round_4_Replicate_19	-894.21	1796.42	122426229.4	133.06	4.023,9.4359,0.5357,0.3577
sim_split_no_mig	Round_4_Replicate_20	-900.66	1809.32	4874653.89	151.99	2.5573,7.2054,0.4964,0.313
sim_split_no_mig	Round_4_Replicate_21	-890.83	1789.66	13535048.11	115.65	4.5405,9.2105,0.8023,0.4645
sim_split_no_mig	Round_4_Replicate_22	-901.66	1811.32	2005592.32	134.48	3.0731,7.5034,0.7548,0.3861
sim_split_no_mig	Round_4_Replicate_23	-936.84	1881.68	377927.52	168.33	1.6776,6.2895,0.463,0.2776
sim_split_no_mig	Round_4_Replicate_24	-899.08	1806.16	82712461.81	119.36	4.4939,10.5444,0.5159,0.4278
sim_split_no_mig	Round_4_Replicate_25	-900.31	1808.62	11925436.32	150.93	2.6584,7.9256,0.4637,0.3071
sim_split_no_mig	Round_4_Replicate_26	-945.51	1899.02	88868.88	158.79	1.7874,5.6657,0.535,0.331
sim_split_no_mig	Round_4_Replicate_27	-921.06	1850.12	8684960.28	172.0	2.1818,6.1754,0.3315,0.2576
sim_split_no_mig	Round_4_Replicate_28	-908.4	1824.8	5687938.31	146.97	2.395,9.1885,0.4885,0.3153
sim_split_no_mig	Round_4_Replicate_29	-921.69	1851.38	74395162.41	167.64	2.6731,6.8639,0.3074,0.2568
sim_split_no_mig	Round_4_Replicate_30	-897.2	1802.4	154313624.98	138.35	3.8608,9.0505,0.4822,0.3372
sim_split_no_mig	Round_4_Replicate_31	-947.55	1903.1	2009804.25	181.88	1.5383,6.9013,0.3516,0.2266
sim_split_no_mig	Round_4_Replicate_32	-959.81	1927.62	301743.38	168.53	1.419,7.9281,0.4371,0.2628
sim_split_no_mig	Round_4_Replicate_33	-977.34	1962.68	354475.04	161.82	1.38,10.4454,0.4394,0.2672
sim_split_no_mig	Round_4_Replicate_34	-894.37	1796.74	3916257.69	128.48	3.1243,9.1557,0.6247,0.4015
sim_split_no_mig	Round_4_Replicate_35	-912.21	1832.42	3784929.11	165.84	2.2553,6.127,0.4563,0.2759
sim_split_no_mig	Round_4_Replicate_36	-902.0	1812.0	39104259.89	150.2	2.9042,8.3812,0.4225,0.3024
sim_split_no_mig	Round_4_Replicate_37	-891.04	1790.08	9022855.43	113.81	4.3311,9.642,0.783,0.4771
sim_split_no_mig	Round_4_Replicate_38	-962.47	1932.94	494572.54	180.16	1.3593,6.8689,0.335,0.2389
sim_split_no_mig	Round_4_Replicate_39	-894.9	1797.8	7216131.25	124.07	3.8706,8.4846,0.8168,0.422
sim_split_no_mig	Round_4_Replicate_40	-902.09	1812.18	74290142.23	143.94	3.1756,9.4225,0.4503,0.3155
