Model	Replicate	log-likelihood	AIC	chi-squared	theta	optimized_params(nu1, nuA, nu2, nu3, T1, T2)
split_nomig	Round_1_Replicate_1	-5233.61	10479.22	102676044192141.62	68.56	2.0715,2.9231,0.195,1.6811,5.106,4.9894
split_nomig	Round_1_Replicate_2	-8185.43	16382.86	3.341736323719906e+17	198.36	0.25,0.2437,0.1805,2.0999,2.9302,1.1426
split_nomig	Round_1_Replicate_3	-3745.58	7503.16	167299.77	106.1	2.6907,1.3734,0.7817,2.2383,0.6318,2.1691
split_nomig	Round_1_Replicate_4	-4868.38	9748.76	641644238.51	72.65	0.5283,3.3412,3.2117,6.8433,4.53,1.4267
split_nomig	Round_1_Replicate_5	-3496.69	7005.38	840367.01	140.21	0.2973,4.2778,1.8868,0.5761,1.7081,0.1959
split_nomig	Round_1_Replicate_6	-4354.06	8720.12	329006.18	285.22	0.2226,1.7607,0.2631,2.2857,0.4328,0.393
split_nomig	Round_1_Replicate_7	-4762.7	9537.4	466024.64	112.83	6.7902,2.1867,0.2714,2.4286,0.1538,1.3368
split_nomig	Round_1_Replicate_8	-5605.23	11222.46	2.4217923669138448e+17	64.64	3.6086,0.8839,0.2126,0.1729,3.541,6.7277
split_nomig	Round_1_Replicate_9	-4909.38	9830.76	2546243280.67	161.19	0.2918,0.2028,1.8883,0.3174,0.2196,2.1584
split_nomig	Round_1_Replicate_10	-5101.32	10214.64	754962.36	96.37	2.0235,4.7218,0.2664,0.8151,6.1359,0.3484
split_nomig	Round_2_Replicate_1	-5695.92	11403.84	2920020427.39	214.81	0.1909,2.3252,0.5431,0.3417,2.4235,0.3351
split_nomig	Round_2_Replicate_2	-4069.02	8150.04	32457990.37	113.74	0.7592,1.9456,5.8573,0.2664,5.3231,0.0868
split_nomig	Round_2_Replicate_3	-3225.85	6463.7	197578.22	136.53	0.3229,6.3388,2.0436,2.1268,0.8479,0.649
split_nomig	Round_2_Replicate_4	-4526.07	9064.14	285448492.59	103.24	0.2377,5.2023,3.6136,0.2711,2.7803,0.1357
split_nomig	Round_2_Replicate_5	-2825.41	5662.82	40096.98	184.25	0.4887,4.1338,0.5316,0.1946,1.248,0.0698
split_nomig	Round_2_Replicate_6	-3468.26	6948.52	138915665.01	107.35	0.2128,12.3224,2.5767,1.1325,0.9959,0.0603
split_nomig	Round_2_Replicate_7	-4501.92	9015.84	139590392.99	138.84	0.0964,5.5132,3.4331,1.1563,0.7094,0.4473
split_nomig	Round_2_Replicate_8	-3296.32	6604.64	565496.84	182.99	0.1462,1.7948,3.4759,0.3638,0.6325,0.3086
split_nomig	Round_2_Replicate_9	-3814.43	7640.86	4521050.27	159.26	0.1081,5.0384,3.3772,0.3767,0.5883,0.3489
split_nomig	Round_2_Replicate_10	-4302.89	8617.78	303245056.39	121.75	0.0897,8.4464,0.5424,0.3477,4.6569,0.3762
split_nomig	Round_2_Replicate_11	-4996.72	10005.44	79098330.09	238.1	0.2265,1.5766,0.4929,0.368,2.1635,0.2015
split_nomig	Round_2_Replicate_12	-3956.13	7924.26	1496839.61	136.64	0.2551,8.301,1.1961,1.8435,1.4277,0.2631
split_nomig	Round_2_Replicate_13	-3810.97	7633.94	4395410.9	96.87	0.3783,7.7316,2.0708,0.5511,2.7402,0.1763
split_nomig	Round_2_Replicate_14	-3774.58	7561.16	6181918.8	107.76	0.1345,15.0314,4.4925,0.3624,0.9737,0.183
split_nomig	Round_2_Replicate_15	-2804.59	5621.18	40337.01	133.44	0.7614,8.4929,0.7434,0.3659,1.7489,0.1409
split_nomig	Round_2_Replicate_16	-3895.61	7803.22	2110437.81	194.09	0.1063,6.2885,1.3295,0.5096,0.6706,0.1798
split_nomig	Round_2_Replicate_17	-3597.78	7207.56	218387.6	294.53	0.3493,1.1752,0.5193,0.2109,0.9473,0.4058
split_nomig	Round_2_Replicate_18	-3350.67	6713.34	1910927399.75	82.97	0.1253,10.6071,1.4679,2.1403,2.7309,0.1519
split_nomig	Round_2_Replicate_19	-3036.86	6085.72	50416.04	195.32	0.5732,5.5327,0.753,1.0877,0.6076,0.6815
split_nomig	Round_2_Replicate_20	-2902.83	5817.66	71281.57	160.79	0.387,8.2948,1.1899,0.1712,1.2207,0.1951
split_nomig	Round_3_Replicate_1	-2533.39	5078.78	58763.28	95.52	2.4281,3.4063,1.3508,0.1349,3.1517,0.0396
split_nomig	Round_3_Replicate_2	-1511.76	3035.52	313244.05	116.85	2.7948,7.4691,2.4572,1.3432,0.6499,0.1029
split_nomig	Round_3_Replicate_3	-2280.33	4572.66	8110.32	183.92	2.0734,2.8085,0.6258,0.2438,0.7265,0.2509
split_nomig	Round_3_Replicate_4	-4065.37	8142.74	210622.7	150.49	0.9554,24.7886,0.4244,0.1627,2.8162,0.3817
split_nomig	Round_3_Replicate_5	-2111.96	4235.92	12674.9	174.13	1.1548,2.1723,1.4481,0.2329,0.7852,0.3846
split_nomig	Round_3_Replicate_6	-2955.35	5922.7	62683.1	58.11	2.069,28.7343,0.906,0.8001,4.2029,0.1739
split_nomig	Round_3_Replicate_7	-1843.82	3699.64	11740.33	119.82	1.2026,18.793,0.3793,0.1193,1.0554,0.03
split_nomig	Round_3_Replicate_8	-1522.38	3056.76	5327.38	106.6	2.9424,4.1661,3.0917,0.3141,1.1764,0.1949
split_nomig	Round_3_Replicate_9	-2419.57	4851.14	11418.57	135.69	2.2961,5.1301,0.3862,0.2853,1.3508,0.0693
split_nomig	Round_3_Replicate_10	-4561.64	9135.28	341992433.11	65.31	0.3852,13.4884,2.3875,1.2601,3.8961,0.1733
split_nomig	Round_3_Replicate_11	-2561.16	5134.32	19867.22	91.81	2.3081,22.4615,0.9706,0.5802,2.3613,0.3158
split_nomig	Round_3_Replicate_12	-2416.77	4845.54	10254.21	233.27	1.0103,3.4288,0.5496,0.2175,0.5726,0.2757
split_nomig	Round_3_Replicate_13	-4074.79	8161.58	2140024.09	110.11	0.4194,11.8608,1.1766,1.016,2.6049,0.3776
split_nomig	Round_3_Replicate_14	-2334.78	4681.56	36549.09	235.39	0.6208,2.7347,0.5296,0.913,0.4506,0.0649
split_nomig	Round_3_Replicate_15	-2121.01	4254.02	8978.12	145.35	1.5463,9.2251,0.6961,0.4803,0.9804,0.137
split_nomig	Round_3_Replicate_16	-3468.14	6948.28	481630.33	154.07	0.2867,12.1158,1.5311,0.1557,1.2692,0.3116
split_nomig	Round_3_Replicate_17	-2636.83	5285.66	43625.45	130.48	0.5019,16.5631,0.2634,0.0773,1.3295,0.0266
split_nomig	Round_3_Replicate_18	-1610.95	3233.9	7234.1	184.29	0.614,3.8203,2.3245,0.275,0.4347,0.0891
split_nomig	Round_3_Replicate_19	-2450.96	4913.92	19047.97	130.24	1.0435,20.1453,0.7793,0.3012,1.4831,0.1814
split_nomig	Round_3_Replicate_20	-2817.08	5646.16	544628.37	105.41	0.625,10.1296,0.6355,0.3521,1.6929,0.0383
split_nomig	Round_3_Replicate_21	-4262.35	8536.7	242574.41	144.19	0.5009,20.0113,0.3625,1.2876,1.773,0.2434
split_nomig	Round_3_Replicate_22	-2586.31	5184.62	145687.66	71.76	1.5614,15.8049,0.5959,0.3799,2.7412,0.0476
split_nomig	Round_3_Replicate_23	-3141.88	6295.76	53746.84	140.6	1.5658,2.3442,0.686,1.0799,2.1697,0.3279
split_nomig	Round_3_Replicate_24	-2189.16	4390.32	4798889.77	86.0	2.7618,6.7478,1.2338,0.6874,1.792,0.0324
split_nomig	Round_3_Replicate_25	-2495.72	5003.44	16337.03	157.78	1.1984,18.7745,0.826,0.7894,0.8873,0.4253
split_nomig	Round_3_Replicate_26	-2707.57	5427.14	88888.57	118.49	0.4805,5.7823,1.8601,0.0988,1.6801,0.0479
split_nomig	Round_3_Replicate_27	-1773.13	3558.26	37975.58	109.33	2.2881,9.0745,1.1841,0.6792,1.0548,0.0818
split_nomig	Round_3_Replicate_28	-2264.74	4541.48	34669.29	79.46	1.2512,15.1228,1.2787,0.2345,2.2875,0.0851
split_nomig	Round_3_Replicate_29	-2620.13	5252.26	17934.57	217.05	0.6326,6.0489,0.5795,1.4106,0.4426,0.2518
split_nomig	Round_3_Replicate_30	-1627.06	3266.12	3547.0	173.71	1.7565,6.6039,1.0072,0.3754,0.496,0.1756
split_nomig	Round_4_Replicate_1	-1521.14	3054.28	8637.49	129.43	1.5101,12.0491,2.6286,1.5271,0.4676,0.2895
split_nomig	Round_4_Replicate_2	-1388.74	2789.48	9187.39	81.28	3.2026,25.3632,3.4835,1.1424,1.0273,0.2602
split_nomig	Round_4_Replicate_3	-1257.2	2526.4	4725.73	111.13	2.6507,8.0072,3.5351,0.8806,0.6183,0.2512
split_nomig	Round_4_Replicate_4	-1898.12	3808.24	40184.51	114.19	1.999,5.415,2.1133,1.9985,1.004,0.2038
split_nomig	Round_4_Replicate_5	-1640.96	3293.92	12518.91	119.53	3.7824,6.3115,1.369,0.9116,0.7894,0.1395
split_nomig	Round_4_Replicate_6	-1434.96	2881.92	65358.8	80.93	4.4237,23.1134,2.1354,1.0607,1.0445,0.124
split_nomig	Round_4_Replicate_7	-1440.31	2892.62	174539.2	94.35	3.6461,27.6427,1.2345,0.7222,0.8352,0.0657
split_nomig	Round_4_Replicate_8	-1397.07	2806.14	17946.22	82.37	5.4564,17.3205,3.6581,2.4022,0.7804,0.3928
split_nomig	Round_4_Replicate_9	-1460.24	2932.48	21228.26	113.44	1.5002,9.1256,4.6952,1.968,0.4698,0.3085
split_nomig	Round_4_Replicate_10	-1321.8	2655.6	4525.54	135.99	1.9323,7.0372,2.5458,0.7917,0.4801,0.2083
split_nomig	Round_4_Replicate_11	-1213.42	2438.84	4705.3	115.72	3.6122,9.0675,2.7726,0.7799,0.5456,0.248
split_nomig	Round_4_Replicate_12	-1620.02	3252.04	30514.93	104.63	2.4777,14.104,2.144,1.6402,0.8192,0.1965
split_nomig	Round_4_Replicate_13	-1606.05	3224.1	1514557.89	77.33	5.2269,26.5492,1.3362,1.3967,1.0851,0.0731
split_nomig	Round_4_Replicate_14	-1537.28	3086.56	2375199.17	93.01	4.5129,28.5426,1.2521,1.3546,0.7824,0.0658
split_nomig	Round_4_Replicate_15	-1184.22	2380.44	11239.02	96.01	3.8691,18.0461,5.1061,2.1556,0.3613,0.4781
split_nomig	Round_4_Replicate_16	-1184.68	2381.36	44598.91	99.07	6.0489,14.8161,3.4219,1.3211,0.5327,0.2791
split_nomig	Round_4_Replicate_17	-1737.26	3486.52	61699.58	97.43	3.7832,8.9031,1.5248,1.2096,1.0906,0.1177
split_nomig	Round_4_Replicate_18	-1394.47	2800.94	6317.37	112.12	1.6859,11.2382,4.139,1.5178,0.4646,0.3934
split_nomig	Round_4_Replicate_19	-1485.06	2982.12	811272.4	141.85	2.7628,16.3312,1.308,1.3218,0.4012,0.0774
split_nomig	Round_4_Replicate_20	-1353.86	2719.72	821248.11	131.48	4.6809,23.3755,1.4807,1.0248,0.3995,0.0855
split_nomig	Round_4_Replicate_21	-1260.46	2532.92	3373.21	130.04	2.3623,5.613,2.9706,0.9006,0.4238,0.2988
split_nomig	Round_4_Replicate_22	-1393.4	2798.8	6166.11	88.69	1.9484,18.3681,4.8075,0.7553,0.9042,0.3134
split_nomig	Round_4_Replicate_23	-1179.42	2370.84	5866.31	143.61	1.7855,13.3471,3.0332,0.8266,0.3051,0.2007
split_nomig	Round_4_Replicate_24	-1263.25	2538.5	4894.92	106.61	3.5489,6.2661,3.7123,1.4523,0.4984,0.3898
split_nomig	Round_4_Replicate_25	-1390.61	2793.22	36395.16	134.69	3.1464,15.1281,1.5856,1.055,0.4493,0.1338
split_nomig	Round_4_Replicate_26	-1305.26	2622.52	8586.89	77.01	6.7294,4.5386,6.044,2.13,0.8369,0.48
split_nomig	Round_4_Replicate_27	-1720.22	3452.44	8947.42	126.33	2.1993,5.9092,1.5093,0.8102,0.8775,0.1583
split_nomig	Round_4_Replicate_28	-1329.77	2671.54	5694.67	83.93	2.9392,23.952,3.4373,0.7281,1.0291,0.2346
split_nomig	Round_4_Replicate_29	-1123.72	2259.44	4388.42	124.56	2.0949,4.5201,5.3067,1.2059,0.2461,0.3575
split_nomig	Round_4_Replicate_30	-1273.52	2559.04	120945.23	151.97	2.6333,23.1299,2.1207,1.1816,0.268,0.1322
split_nomig	Round_4_Replicate_31	-1430.94	2873.88	8590.06	70.46	3.8282,29.6139,4.5657,1.7527,1.1416,0.4351
split_nomig	Round_4_Replicate_32	-1282.74	2577.48	10176.35	103.09	3.6803,11.485,3.6785,1.8597,0.4937,0.3623
split_nomig	Round_4_Replicate_33	-1383.17	2778.34	399826.43	125.37	3.8315,19.9923,1.9909,1.6254,0.4213,0.1246
split_nomig	Round_4_Replicate_34	-1315.02	2642.04	5781.16	105.47	2.0031,8.686,4.7205,1.151,0.5933,0.3289
split_nomig	Round_4_Replicate_35	-1258.96	2529.92	6018.2	104.31	1.9408,13.3398,5.8728,1.7547,0.3374,0.4587
split_nomig	Round_4_Replicate_36	-1167.05	2346.1	30278.84	117.13	3.3234,7.7067,4.7386,1.9706,0.2814,0.3138
split_nomig	Round_4_Replicate_37	-1391.04	2794.08	8386355.46	147.95	5.3775,27.3234,1.503,1.1753,0.2871,0.0863
split_nomig	Round_4_Replicate_38	-1363.19	2738.38	28717.98	172.45	2.2715,7.7305,1.5229,0.928,0.2691,0.1238
split_nomig	Round_4_Replicate_39	-1366.0	2744.0	12530.62	94.32	5.3179,15.4722,1.8055,0.7141,0.8946,0.1426
split_nomig	Round_4_Replicate_40	-1348.89	2709.78	63226.01	115.75	4.7813,14.0769,1.5005,0.7737,0.5929,0.0994
